
1,3a:56:83:9a:0a:4e,6,1,0,0,98,1,0
1,96:3e:4f:a5:a5:cc,6,1,0,0,98,1,0
1,0e:79:9f:14:e4:ef,6,1,0,0,196,2,0
1,92:a9:04:bc:73:eb,6,1,0,0,98,1,0
1,0e:79:9f:14:e4:ef,6,1,0,0,196,2,0
1,26:f6:65:0f:a6:2a,6,1,0,0,98,1,0
1,0e:79:9f:14:e4:ef,6,1,0,0,196,2,0
1,96:3e:4f:a5:a5:cc,6,1,0,0,98,1,0
1,92:a9:04:bc:73:eb,6,1,0,0,98,1,0
1,26:f6:65:0f:a6:2a,6,1,0,0,98,1,0
1,92:a9:04:bc:73:eb,6,1,0,0,98,1,0
1,96:3e:4f:a5:a5:cc,6,1,0,0,98,1,0
1,26:f6:65:0f:a6:2a,6,1,0,0,98,1,0
1,96:3e:4f:a5:a5:cc,6,1,0,0,98,1,0
1,92:a9:04:bc:73:eb,1,6,2,80,486,6,0
1,3a:56:83:9a:0a:4e,6,1,0,0,98,1,0
1,3a:56:83:9a:0a:4e,6,1,0,0,98,1,0
1,26:f6:65:0f:a6:2a,6,1,0,0,98,1,0
1,3a:56:83:9a:0a:4e,6,1,0,0,98,1,0
1,92:a9:04:bc:73:eb,6,1,0,0,98,1,0
1,0e:79:9f:14:e4:ef,6,1,0,0,98,1,0
1,92:a9:04:bc:73:eb,3,6,2,80,325,5,0
1,92:a9:04:bc:73:eb,2,6,2,80,405,5,0
1,92:a9:04:bc:73:eb,0,6,2,80,128,2,0
1,92:a9:04:bc:73:eb,6,6,2,80,360,5,0
1,92:a9:04:bc:73:eb,5,6,2,80,432,6,0
1,92:a9:04:bc:73:eb,11,6,2,80,567,7,0
1,92:a9:04:bc:73:eb,8,6,2,80,450,5,0
1,92:a9:04:bc:73:eb,9,6,2,80,450,5,0
1,92:a9:04:bc:73:eb,7,6,2,80,728,8,0
1,92:a9:04:bc:73:eb,5,6,2,80,756,9,0
1,92:a9:04:bc:73:eb,3,6,2,80,532,7,0
1,92:a9:04:bc:73:eb,1,6,2,80,304,4,0
1,92:a9:04:bc:73:eb,15,6,2,80,432,6,0
1,92:a9:04:bc:73:eb,9,6,2,80,430,5,0
1,92:a9:04:bc:73:eb,13,6,2,80,325,5,0
1,92:a9:04:bc:73:eb,10,6,2,80,320,5,0
1,92:a9:04:bc:73:eb,12,6,2,80,405,5,0
1,92:a9:04:bc:73:eb,3,6,2,80,445,5,0
1,92:a9:04:bc:73:eb,5,6,2,80,405,5,0
1,92:a9:04:bc:73:eb,2,6,2,80,335,5,0
1,92:a9:04:bc:73:eb,1,6,2,80,260,4,0
1,92:a9:04:bc:73:eb,6,6,2,80,400,5,0
1,92:a9:04:bc:73:eb,15,6,2,80,532,7,0
1,92:a9:04:bc:73:eb,13,6,2,80,532,7,0
1,92:a9:04:bc:73:eb,8,6,2,80,736,8,0
1,92:a9:04:bc:73:eb,11,6,2,80,603,9,0
1,92:a9:04:bc:73:eb,3,6,2,80,385,5,0
1,92:a9:04:bc:73:eb,4,6,2,80,465,5,0
1,92:a9:04:bc:73:eb,1,6,2,80,384,6,0
1,92:a9:04:bc:73:eb,0,6,2,80,0,0,0
1,92:a9:04:bc:73:eb,6,6,2,80,588,7,0
1,92:a9:04:bc:73:eb,13,6,2,80,704,8,0
1,92:a9:04:bc:73:eb,15,6,2,80,390,6,0
1,92:a9:04:bc:73:eb,8,6,2,80,560,8,0
1,92:a9:04:bc:73:eb,11,6,2,80,639,9,0
1,92:a9:04:bc:73:eb,8,6,2,80,536,8,0
1,92:a9:04:bc:73:eb,6,6,2,80,540,6,0
1,92:a9:04:bc:73:eb,4,6,2,80,390,5,0
1,92:a9:04:bc:73:eb,3,6,2,80,288,4,0
1,92:a9:04:bc:73:eb,1,6,2,80,450,6,0
1,92:a9:04:bc:73:eb,10,6,2,80,408,6,0
1,92:a9:04:bc:73:eb,14,6,2,80,465,5,0
1,92:a9:04:bc:73:eb,16,6,2,80,588,7,0
1,92:a9:04:bc:73:eb,11,6,2,80,384,6,0
1,92:a9:04:bc:73:eb,13,6,2,80,385,5,0
1,92:a9:04:bc:73:eb,6,6,2,80,340,4,0
1,92:a9:04:bc:73:eb,5,6,2,80,296,4,0
1,92:a9:04:bc:73:eb,4,6,2,80,335,5,0
1,92:a9:04:bc:73:eb,3,6,2,80,328,4,0
1,92:a9:04:bc:73:eb,1,6,2,80,450,6,0
1,92:a9:04:bc:73:eb,0,6,2,80,0,0,0
1,92:a9:04:bc:73:eb,8,6,2,80,260,4,0
1,92:a9:04:bc:73:eb,14,6,2,80,288,4,0
1,92:a9:04:bc:73:eb,15,6,2,80,390,5,0
1,92:a9:04:bc:73:eb,10,6,2,80,711,9,0
1,92:a9:04:bc:73:eb,12,6,2,80,675,9,0
1,92:a9:04:bc:73:eb,6,6,2,80,450,6,0
1,92:a9:04:bc:73:eb,5,6,2,80,510,6,0
1,92:a9:04:bc:73:eb,3,6,2,80,370,5,0
1,92:a9:04:bc:73:eb,2,6,2,80,546,7,0
1,92:a9:04:bc:73:eb,0,6,2,80,0,0,0
1,92:a9:04:bc:73:eb,8,6,2,80,420,6,0
1,92:a9:04:bc:73:eb,13,6,2,80,672,8,0
1,92:a9:04:bc:73:eb,14,6,2,80,450,6,0
1,92:a9:04:bc:73:eb,9,6,2,80,264,4,0
1,92:a9:04:bc:73:eb,11,6,2,80,352,4,0
1,92:a9:04:bc:73:eb,5,6,2,80,320,5,0
1,92:a9:04:bc:73:eb,3,6,2,80,651,7,0
1,92:a9:04:bc:73:eb,6,6,2,80,332,4,0
1,92:a9:04:bc:73:eb,1,6,2,80,444,6,0
1,92:a9:04:bc:73:eb,15,6,2,80,510,6,0
1,92:a9:04:bc:73:eb,7,6,2,80,256,4,0
1,92:a9:04:bc:73:eb,13,6,2,80,370,5,0
1,92:a9:04:bc:73:eb,10,6,2,80,702,9,0
1,92:a9:04:bc:73:eb,12,6,2,80,546,7,0
1,92:a9:04:bc:73:eb,1,6,2,80,340,4,0
1,92:a9:04:bc:73:eb,3,6,2,80,704,8,0
1,92:a9:04:bc:73:eb,5,6,2,80,528,8,0
1,92:a9:04:bc:73:eb,12,6,2,80,585,9,0
1,92:a9:04:bc:73:eb,14,6,2,80,666,9,0
1,92:a9:04:bc:73:eb,7,6,2,80,592,8,0
1,92:a9:04:bc:73:eb,9,6,2,80,837,9,0
1,92:a9:04:bc:73:eb,3,6,2,80,765,9,0
1,92:a9:04:bc:73:eb,4,6,2,80,308,4,0
1,92:a9:04:bc:73:eb,0,6,2,80,70,1,0
1,92:a9:04:bc:73:eb,15,6,2,80,528,8,0
1,92:a9:04:bc:73:eb,6,6,2,80,568,8,0
1,92:a9:04:bc:73:eb,13,6,2,80,704,8,0
1,92:a9:04:bc:73:eb,8,6,2,80,648,8,0
1,92:a9:04:bc:73:eb,11,6,2,80,680,8,0
1,92:a9:04:bc:73:eb,6,6,2,80,534,6,0
1,92:a9:04:bc:73:eb,4,6,2,80,365,5,0
1,92:a9:04:bc:73:eb,3,6,2,80,390,5,0
1,92:a9:04:bc:73:eb,1,6,2,80,480,6,0
1,92:a9:04:bc:73:eb,15,6,2,80,280,4,0
1,92:a9:04:bc:73:eb,9,6,2,80,395,5,0
1,92:a9:04:bc:73:eb,8,6,2,80,568,8,0
1,92:a9:04:bc:73:eb,14,6,2,80,765,9,0
1,92:a9:04:bc:73:eb,12,6,2,80,702,9,0
1,92:a9:04:bc:73:eb,2,6,2,80,546,7,0
1,92:a9:04:bc:73:eb,0,6,2,80,93,1,0
1,92:a9:04:bc:73:eb,5,6,2,80,450,5,0
1,92:a9:04:bc:73:eb,7,6,2,80,511,7,0
1,92:a9:04:bc:73:eb,4,6,2,80,552,8,0
1,92:a9:04:bc:73:eb,10,6,2,80,300,4,0
1,92:a9:04:bc:73:eb,9,6,2,80,558,6,0
1,92:a9:04:bc:73:eb,12,6,2,80,480,6,0
1,92:a9:04:bc:73:eb,14,6,2,80,390,5,0
1,92:a9:04:bc:73:eb,15,6,2,80,365,5,0
1,92:a9:04:bc:73:eb,0,6,2,80,0,0,0
1,92:a9:04:bc:73:eb,5,6,2,80,348,4,0
1,92:a9:04:bc:73:eb,4,6,2,80,837,9,0
1,92:a9:04:bc:73:eb,1,6,2,80,516,6,0
1,92:a9:04:bc:73:eb,15,6,2,80,450,5,0
1,92:a9:04:bc:73:eb,10,6,2,80,837,9,0
1,92:a9:04:bc:73:eb,7,6,2,80,828,9,0
1,92:a9:04:bc:73:eb,14,6,2,80,552,8,0
1,92:a9:04:bc:73:eb,12,6,2,80,546,7,0
1,92:a9:04:bc:73:eb,6,6,2,80,511,7,0
1,92:a9:04:bc:73:eb,4,6,2,80,332,4,0
1,92:a9:04:bc:73:eb,3,6,2,80,576,9,0
1,92:a9:04:bc:73:eb,1,6,2,80,360,4,0
1,92:a9:04:bc:73:eb,8,6,2,80,395,5,0
1,92:a9:04:bc:73:eb,14,6,2,80,490,7,0
1,92:a9:04:bc:73:eb,10,6,2,80,592,8,0
1,92:a9:04:bc:73:eb,12,6,2,80,546,7,0
1,92:a9:04:bc:73:eb,15,6,2,80,516,6,0
1,92:a9:04:bc:73:eb,6,6,2,80,639,9,0
1,92:a9:04:bc:73:eb,7,6,2,80,364,4,0
1,92:a9:04:bc:73:eb,3,6,2,80,648,9,0
1,92:a9:04:bc:73:eb,1,6,2,80,292,4,0
1,92:a9:04:bc:73:eb,8,6,2,80,375,5,0
1,92:a9:04:bc:73:eb,15,6,2,80,630,7,0
1,92:a9:04:bc:73:eb,17,6,2,80,576,9,0
1,92:a9:04:bc:73:eb,10,6,2,80,510,6,0
1,92:a9:04:bc:73:eb,13,6,2,80,720,9,0
1,92:a9:04:bc:73:eb,5,6,2,80,385,5,0
1,92:a9:04:bc:73:eb,6,6,2,80,260,4,0
1,92:a9:04:bc:73:eb,3,6,2,80,747,9,0
1,92:a9:04:bc:73:eb,1,6,2,80,312,4,0
1,92:a9:04:bc:73:eb,8,6,2,80,408,6,0
1,92:a9:04:bc:73:eb,14,6,2,80,648,9,0
1,92:a9:04:bc:73:eb,17,6,2,80,639,9,0
1,92:a9:04:bc:73:eb,10,6,2,80,720,9,0
1,92:a9:04:bc:73:eb,12,6,2,80,511,7,0
1,92:a9:04:bc:73:eb,5,6,2,80,402,6,0
1,92:a9:04:bc:73:eb,7,6,2,80,450,5,0
1,92:a9:04:bc:73:eb,4,6,2,80,592,8,0
1,92:a9:04:bc:73:eb,1,6,2,80,486,6,0
1,92:a9:04:bc:73:eb,16,6,2,80,747,9,0
1,92:a9:04:bc:73:eb,8,6,2,80,350,5,0
1,92:a9:04:bc:73:eb,14,6,2,80,546,7,0
1,92:a9:04:bc:73:eb,10,6,2,80,486,6,0
1,92:a9:04:bc:73:eb,12,6,2,80,469,7,0
1,92:a9:04:bc:73:eb,3,6,2,80,332,4,0
1,92:a9:04:bc:73:eb,5,6,2,80,574,7,0
1,92:a9:04:bc:73:eb,2,6,2,80,430,5,0
1,92:a9:04:bc:73:eb,0,6,2,80,146,2,0
1,92:a9:04:bc:73:eb,7,6,2,80,632,8,0
1,92:a9:04:bc:73:eb,15,6,2,80,402,6,0
1,92:a9:04:bc:73:eb,14,6,2,80,592,8,0
1,92:a9:04:bc:73:eb,9,6,2,80,476,7,0
1,92:a9:04:bc:73:eb,11,6,2,80,729,9,0
1,92:a9:04:bc:73:eb,1,6,2,80,328,4,0
1,92:a9:04:bc:73:eb,7,6,2,80,284,4,0
1,92:a9:04:bc:73:eb,6,6,2,80,536,8,0
1,92:a9:04:bc:73:eb,4,6,2,80,376,4,0
1,92:a9:04:bc:73:eb,3,6,2,80,525,7,0
1,92:a9:04:bc:73:eb,9,6,2,80,516,6,0
1,92:a9:04:bc:73:eb,14,6,2,80,332,4,0
1,92:a9:04:bc:73:eb,11,6,2,80,657,9,0
1,92:a9:04:bc:73:eb,13,6,2,80,430,5,0
1,92:a9:04:bc:73:eb,16,6,2,80,574,7,0
1,92:a9:04:bc:73:eb,0,6,2,80,0,0,0
1,92:a9:04:bc:73:eb,6,6,2,80,684,9,0
1,92:a9:04:bc:73:eb,3,6,2,80,395,5,0
1,92:a9:04:bc:73:eb,7,6,2,80,280,4,0
1,92:a9:04:bc:73:eb,2,6,2,80,585,9,0
1,92:a9:04:bc:73:eb,8,6,2,80,324,4,0
1,92:a9:04:bc:73:eb,15,6,2,80,492,6,0
1,92:a9:04:bc:73:eb,13,6,2,80,460,5,0
1,92:a9:04:bc:73:eb,10,6,2,80,528,6,0
1,92:a9:04:bc:73:eb,11,6,2,80,435,5,0
1,92:a9:04:bc:73:eb,6,6,2,80,390,6,0
1,92:a9:04:bc:73:eb,4,6,2,80,560,8,0
1,92:a9:04:bc:73:eb,2,6,2,80,368,4,0
1,92:a9:04:bc:73:eb,1,6,2,80,352,4,0
1,92:a9:04:bc:73:eb,0,6,2,80,0,0,0
1,92:a9:04:bc:73:eb,9,6,2,80,644,7,0
1,92:a9:04:bc:73:eb,8,6,2,80,510,6,0
1,92:a9:04:bc:73:eb,15,6,2,80,585,9,0
1,92:a9:04:bc:73:eb,11,6,2,80,426,6,0
1,92:a9:04:bc:73:eb,13,6,2,80,325,5,0
1,92:a9:04:bc:73:eb,8,6,2,80,518,7,0
1,92:a9:04:bc:73:eb,6,6,2,80,680,8,0
1,92:a9:04:bc:73:eb,4,6,2,80,702,9,0
1,92:a9:04:bc:73:eb,2,6,2,80,528,6,0
1,92:a9:04:bc:73:eb,0,6,2,80,178,2,0
1,92:a9:04:bc:73:eb,10,6,2,80,300,4,0
1,92:a9:04:bc:73:eb,14,6,2,80,560,8,0
1,92:a9:04:bc:73:eb,11,6,2,80,352,4,0
1,92:a9:04:bc:73:eb,12,6,2,80,368,4,0
1,92:a9:04:bc:73:eb,16,6,2,80,390,6,0
1,92:a9:04:bc:73:eb,5,6,2,80,747,9,0
1,92:a9:04:bc:73:eb,2,6,2,80,536,8,0
1,92:a9:04:bc:73:eb,6,6,2,80,340,4,0
1,92:a9:04:bc:73:eb,0,6,2,80,156,2,0
1,92:a9:04:bc:73:eb,14,6,2,80,712,8,0
1,92:a9:04:bc:73:eb,8,6,2,80,520,8,0
1,92:a9:04:bc:73:eb,16,6,2,80,528,6,0
1,92:a9:04:bc:73:eb,10,6,2,80,595,7,0
1,92:a9:04:bc:73:eb,12,6,2,80,528,6,0
1,92:a9:04:bc:73:eb,4,6,2,80,747,9,0
1,92:a9:04:bc:73:eb,6,6,2,80,595,7,0
1,92:a9:04:bc:73:eb,2,6,2,80,711,9,0
1,92:a9:04:bc:73:eb,0,6,2,80,0,0,0
1,92:a9:04:bc:73:eb,13,6,2,80,426,6,0
1,92:a9:04:bc:73:eb,8,6,2,80,410,5,0
1,92:a9:04:bc:73:eb,15,6,2,80,624,8,0
1,92:a9:04:bc:73:eb,9,6,2,80,370,5,0
1,92:a9:04:bc:73:eb,11,6,2,80,656,8,0
1,92:a9:04:bc:73:eb,7,6,2,80,837,9,0
1,92:a9:04:bc:73:eb,4,6,2,80,276,4,0
1,92:a9:04:bc:73:eb,3,6,2,80,704,8,0
1,92:a9:04:bc:73:eb,1,6,2,80,390,5,0
1,92:a9:04:bc:73:eb,0,6,2,80,0,0,0
1,92:a9:04:bc:73:eb,8,6,2,80,328,4,0
1,92:a9:04:bc:73:eb,14,6,2,80,711,9,0
1,92:a9:04:bc:73:eb,9,6,2,80,375,5,0
1,92:a9:04:bc:73:eb,12,6,2,80,664,8,0
1,92:a9:04:bc:73:eb,16,6,2,80,747,9,0
1,92:a9:04:bc:73:eb,5,6,2,80,330,5,0
1,92:a9:04:bc:73:eb,4,6,2,80,340,5,0
1,92:a9:04:bc:73:eb,2,6,2,80,390,6,0
1,92:a9:04:bc:73:eb,1,6,2,80,296,4,0
1,92:a9:04:bc:73:eb,8,6,2,80,810,9,0
1,92:a9:04:bc:73:eb,13,6,2,80,272,4,0
1,92:a9:04:bc:73:eb,15,6,2,80,430,5,0
1,92:a9:04:bc:73:eb,10,6,2,80,640,8,0
1,92:a9:04:bc:73:eb,12,6,2,80,539,7,0
1,92:a9:04:bc:73:eb,6,6,2,80,264,4,0
1,92:a9:04:bc:73:eb,4,6,2,80,360,4,0
1,92:a9:04:bc:73:eb,3,6,2,80,720,9,0
1,92:a9:04:bc:73:eb,1,6,2,80,336,4,0
1,92:a9:04:bc:73:eb,8,6,2,80,560,8,0
1,92:a9:04:bc:73:eb,13,6,2,80,616,7,0
1,92:a9:04:bc:73:eb,9,6,2,80,375,5,0
1,92:a9:04:bc:73:eb,11,6,2,80,340,5,0
1,92:a9:04:bc:73:eb,15,6,2,80,592,8,0
1,92:a9:04:bc:73:eb,7,6,2,80,325,5,0
1,92:a9:04:bc:73:eb,5,6,2,80,552,6,0
1,92:a9:04:bc:73:eb,4,6,2,80,288,4,0
1,92:a9:04:bc:73:eb,2,6,2,80,504,7,0
1,92:a9:04:bc:73:eb,0,6,2,80,188,2,0
1,92:a9:04:bc:73:eb,8,6,2,80,372,4,0
1,92:a9:04:bc:73:eb,14,6,2,80,756,9,0
1,92:a9:04:bc:73:eb,9,6,2,80,300,4,0
1,92:a9:04:bc:73:eb,11,6,2,80,693,9,0
1,92:a9:04:bc:73:eb,16,6,2,80,720,9,0
1,92:a9:04:bc:73:eb,5,6,2,80,432,6,0
1,92:a9:04:bc:73:eb,3,6,2,80,588,7,0
1,92:a9:04:bc:73:eb,6,6,2,80,372,4,0
1,92:a9:04:bc:73:eb,1,6,2,80,534,6,0
1,92:a9:04:bc:73:eb,8,6,2,80,355,5,0
1,92:a9:04:bc:73:eb,15,6,2,80,752,8,0
1,92:a9:04:bc:73:eb,13,6,2,80,320,4,0
1,92:a9:04:bc:73:eb,10,6,2,80,595,7,0
1,92:a9:04:bc:73:eb,12,6,2,80,603,9,0
1,92:a9:04:bc:73:eb,5,6,2,80,729,9,0
1,92:a9:04:bc:73:eb,3,6,2,80,368,4,0
1,92:a9:04:bc:73:eb,1,6,2,80,486,6,0
1,92:a9:04:bc:73:eb,7,6,2,80,455,7,0
1,92:a9:04:bc:73:eb,9,6,2,80,576,8,0
1,92:a9:04:bc:73:eb,13,6,2,80,588,7,0
1,92:a9:04:bc:73:eb,11,6,2,80,801,9,0
1,92:a9:04:bc:73:eb,15,6,2,80,432,6,0
1,92:a9:04:bc:73:eb,5,6,2,80,603,9,0
1,92:a9:04:bc:73:eb,3,6,2,80,637,7,0
1,92:a9:04:bc:73:eb,1,6,2,80,296,4,0
1,92:a9:04:bc:73:eb,7,6,2,80,516,6,0
1,92:a9:04:bc:73:eb,15,6,2,80,729,9,0
1,92:a9:04:bc:73:eb,13,6,2,80,792,9,0
1,92:a9:04:bc:73:eb,8,6,2,80,312,4,0
1,92:a9:04:bc:73:eb,10,6,2,80,666,9,0
1,92:a9:04:bc:73:eb,7,6,2,80,312,4,0
1,92:a9:04:bc:73:eb,5,6,2,80,693,9,0
1,92:a9:04:bc:73:eb,3,6,2,80,335,5,0
1,92:a9:04:bc:73:eb,2,6,2,80,498,6,0
1,92:a9:04:bc:73:eb,0,6,2,80,83,1,0
1,92:a9:04:bc:73:eb,15,6,2,80,603,9,0
1,92:a9:04:bc:73:eb,8,6,2,80,260,4,0
1,92:a9:04:bc:73:eb,9,6,2,80,352,4,0
1,92:a9:04:bc:73:eb,11,6,2,80,444,6,0
1,92:a9:04:bc:73:eb,13,6,2,80,637,7,0
1,92:a9:04:bc:73:eb,4,6,2,80,584,8,0
1,92:a9:04:bc:73:eb,2,6,2,80,465,5,0
1,92:a9:04:bc:73:eb,1,6,2,80,256,4,0
1,92:a9:04:bc:73:eb,6,6,2,80,588,7,0
1,92:a9:04:bc:73:eb,15,6,2,80,498,6,0
1,92:a9:04:bc:73:eb,13,6,2,80,747,9,0
1,92:a9:04:bc:73:eb,9,6,2,80,639,9,0
1,92:a9:04:bc:73:eb,11,6,2,80,504,7,0
1,92:a9:04:bc:73:eb,8,6,2,80,594,9,0
1,92:a9:04:bc:73:eb,5,6,2,80,280,4,0
1,92:a9:04:bc:73:eb,4,6,2,80,576,9,0
1,92:a9:04:bc:73:eb,2,6,2,80,296,4,0
1,92:a9:04:bc:73:eb,0,6,2,80,136,2,0
1,92:a9:04:bc:73:eb,14,6,2,80,448,7,0
1,92:a9:04:bc:73:eb,9,6,2,80,516,6,0
1,92:a9:04:bc:73:eb,15,6,2,80,465,5,0
1,92:a9:04:bc:73:eb,12,6,2,80,372,4,0
1,92:a9:04:bc:73:eb,10,6,2,80,280,4,0
1,92:a9:04:bc:73:eb,4,6,2,80,639,9,0
1,92:a9:04:bc:73:eb,2,6,2,80,268,4,0
1,92:a9:04:bc:73:eb,6,6,2,80,330,5,0
1,92:a9:04:bc:73:eb,1,6,2,80,344,4,0
1,92:a9:04:bc:73:eb,13,6,2,80,296,4,0
1,92:a9:04:bc:73:eb,8,6,2,80,783,9,0
1,92:a9:04:bc:73:eb,10,6,2,80,600,8,0
1,92:a9:04:bc:73:eb,11,6,2,80,272,4,0
1,92:a9:04:bc:73:eb,15,6,2,80,576,9,0
1,92:a9:04:bc:73:eb,5,6,2,80,320,5,0
1,92:a9:04:bc:73:eb,3,6,2,80,630,7,0
1,92:a9:04:bc:73:eb,1,6,2,80,396,6,0
1,92:a9:04:bc:73:eb,0,6,2,80,0,0,0
1,92:a9:04:bc:73:eb,7,6,2,80,553,7,0
1,92:a9:04:bc:73:eb,12,6,2,80,296,4,0
1,92:a9:04:bc:73:eb,15,6,2,80,774,9,0
1,92:a9:04:bc:73:eb,9,6,2,80,567,7,0
1,92:a9:04:bc:73:eb,11,6,2,80,621,9,0
1,92:a9:04:bc:73:eb,5,6,2,80,648,8,0
1,92:a9:04:bc:73:eb,6,6,2,80,292,4,0
1,92:a9:04:bc:73:eb,2,6,2,80,585,9,0
1,92:a9:04:bc:73:eb,0,6,2,80,128,2,0
1,92:a9:04:bc:73:eb,8,6,2,80,546,7,0
1,92:a9:04:bc:73:eb,13,6,2,80,630,7,0
1,92:a9:04:bc:73:eb,15,6,2,80,320,5,0
1,92:a9:04:bc:73:eb,10,6,2,80,616,7,0
1,92:a9:04:bc:73:eb,11,6,2,80,396,6,0
1,92:a9:04:bc:73:eb,6,6,2,80,462,6,0
1,92:a9:04:bc:73:eb,4,6,2,80,666,9,0
1,92:a9:04:bc:73:eb,2,6,2,80,536,8,0
1,92:a9:04:bc:73:eb,7,6,2,80,415,5,0
1,92:a9:04:bc:73:eb,12,6,2,80,585,9,0
1,92:a9:04:bc:73:eb,15,6,2,80,648,8,0
1,92:a9:04:bc:73:eb,9,6,2,80,380,5,0
1,92:a9:04:bc:73:eb,10,6,2,80,256,4,0
1,92:a9:04:bc:73:eb,5,6,2,80,520,8,0
1,92:a9:04:bc:73:eb,6,6,2,80,408,6,0
1,92:a9:04:bc:73:eb,3,6,2,80,414,6,0
1,92:a9:04:bc:73:eb,1,6,2,80,312,4,0
1,92:a9:04:bc:73:eb,0,6,2,80,0,0,0
1,92:a9:04:bc:73:eb,16,6,2,80,666,9,0
1,92:a9:04:bc:73:eb,8,6,2,80,470,5,0
1,92:a9:04:bc:73:eb,14,6,2,80,603,9,0
1,92:a9:04:bc:73:eb,9,6,2,80,340,4,0
1,92:a9:04:bc:73:eb,11,6,2,80,520,8,0
1,92:a9:04:bc:73:eb,7,6,2,80,744,8,0
1,92:a9:04:bc:73:eb,5,6,2,80,819,9,0
1,92:a9:04:bc:73:eb,2,6,2,80,435,5,0
1,92:a9:04:bc:73:eb,1,6,2,80,352,4,0
1,92:a9:04:bc:73:eb,9,6,2,80,408,6,0
1,92:a9:04:bc:73:eb,14,6,2,80,440,5,0
1,92:a9:04:bc:73:eb,15,6,2,80,312,4,0
1,92:a9:04:bc:73:eb,10,6,2,80,504,6,0
1,92:a9:04:bc:73:eb,12,6,2,80,623,7,0
1,92:a9:04:bc:73:eb,4,6,2,80,783,9,0
1,92:a9:04:bc:73:eb,6,6,2,80,469,7,0
1,92:a9:04:bc:73:eb,2,6,2,80,624,8,0
1,92:a9:04:bc:73:eb,8,6,2,80,395,5,0
1,92:a9:04:bc:73:eb,12,6,2,80,435,5,0
1,92:a9:04:bc:73:eb,15,6,2,80,819,9,0
1,92:a9:04:bc:73:eb,9,6,2,80,450,5,0
1,92:a9:04:bc:73:eb,11,6,2,80,528,6,0
1,92:a9:04:bc:73:eb,6,6,2,80,603,9,0
1,92:a9:04:bc:73:eb,4,6,2,80,564,6,0
1,92:a9:04:bc:73:eb,2,6,2,80,656,8,0
1,92:a9:04:bc:73:eb,0,6,2,80,0,0,0
1,92:a9:04:bc:73:eb,7,6,2,80,460,5,0
1,92:a9:04:bc:73:eb,14,6,2,80,783,9,0
1,92:a9:04:bc:73:eb,9,6,2,80,490,7,0
1,92:a9:04:bc:73:eb,16,6,2,80,469,7,0
1,92:a9:04:bc:73:eb,12,6,2,80,702,9,0
1,92:a9:04:bc:73:eb,0,6,2,80,186,2,0
1,92:a9:04:bc:73:eb,6,6,2,80,518,7,0
1,92:a9:04:bc:73:eb,4,6,2,80,486,6,0
1,92:a9:04:bc:73:eb,2,6,2,80,525,7,0
1,92:a9:04:bc:73:eb,8,6,2,80,497,7,0
1,92:a9:04:bc:73:eb,10,6,2,80,490,7,0
1,92:a9:04:bc:73:eb,11,6,2,80,360,5,0
1,92:a9:04:bc:73:eb,13,6,2,80,680,8,0
1,92:a9:04:bc:73:eb,15,6,2,80,272,4,0
1,92:a9:04:bc:73:eb,6,6,2,80,268,4,0
1,92:a9:04:bc:73:eb,5,6,2,80,693,9,0
1,92:a9:04:bc:73:eb,2,6,2,80,292,4,0
1,92:a9:04:bc:73:eb,1,6,2,80,288,4,0
1,92:a9:04:bc:73:eb,16,6,2,80,518,7,0
1,92:a9:04:bc:73:eb,8,6,2,80,552,8,0
1,92:a9:04:bc:73:eb,14,6,2,80,486,6,0
1,92:a9:04:bc:73:eb,10,6,2,80,744,8,0
1,92:a9:04:bc:73:eb,12,6,2,80,525,7,0
1,92:a9:04:bc:73:eb,4,6,2,80,711,9,0
1,92:a9:04:bc:73:eb,5,6,2,80,385,5,0
1,92:a9:04:bc:73:eb,1,6,2,80,308,4,0
1,92:a9:04:bc:73:eb,0,6,2,80,158,2,0
1,92:a9:04:bc:73:eb,7,6,2,80,414,6,0
1,92:a9:04:bc:73:eb,15,6,2,80,693,9,0
1,92:a9:04:bc:73:eb,12,6,2,80,292,4,0
1,92:a9:04:bc:73:eb,9,6,2,80,528,6,0
1,92:a9:04:bc:73:eb,11,6,2,80,576,8,0
1,92:a9:04:bc:73:eb,2,6,2,80,380,5,0
1,92:a9:04:bc:73:eb,0,6,2,80,188,2,0
1,92:a9:04:bc:73:eb,8,6,2,80,304,4,0
1,92:a9:04:bc:73:eb,7,6,2,80,356,4,0
1,92:a9:04:bc:73:eb,6,6,2,80,528,8,0
1,92:a9:04:bc:73:eb,4,6,2,80,609,7,0
1,92:a9:04:bc:73:eb,9,6,2,80,268,4,0
1,92:a9:04:bc:73:eb,14,6,2,80,308,4,0
1,92:a9:04:bc:73:eb,17,6,2,80,711,9,0
1,92:a9:04:bc:73:eb,11,6,2,80,546,7,0
1,92:a9:04:bc:73:eb,13,6,2,80,553,7,0
1,92:a9:04:bc:73:eb,4,6,2,80,465,5,0
1,92:a9:04:bc:73:eb,6,6,2,80,630,7,0
1,92:a9:04:bc:73:eb,3,6,2,80,684,9,0
1,92:a9:04:bc:73:eb,1,6,2,80,368,4,0
1,92:a9:04:bc:73:eb,8,6,2,80,260,4,0
1,92:a9:04:bc:73:eb,14,6,2,80,846,9,0
1,92:a9:04:bc:73:eb,16,6,2,80,380,5,0
1,92:a9:04:bc:73:eb,10,6,2,80,539,7,0
1,92:a9:04:bc:73:eb,12,6,2,80,819,9,0
1,92:a9:04:bc:73:eb,6,6,2,80,560,7,0
1,92:a9:04:bc:73:eb,4,6,2,80,440,5,0
1,92:a9:04:bc:73:eb,3,6,2,80,504,6,0
1,92:a9:04:bc:73:eb,1,6,2,80,304,4,0
1,92:a9:04:bc:73:eb,7,6,2,80,425,5,0
1,92:a9:04:bc:73:eb,13,6,2,80,693,9,0
1,92:a9:04:bc:73:eb,16,6,2,80,828,9,0
1,92:a9:04:bc:73:eb,9,6,2,80,335,5,0
1,92:a9:04:bc:73:eb,11,6,2,80,518,7,0
1,92:a9:04:bc:73:eb,0,6,2,80,184,2,0
1,92:a9:04:bc:73:eb,7,6,2,80,414,6,0
1,92:a9:04:bc:73:eb,8,6,2,80,320,4,0
1,92:a9:04:bc:73:eb,5,6,2,80,738,9,0
1,92:a9:04:bc:73:eb,2,6,2,80,525,7,0
1,92:a9:04:bc:73:eb,16,6,2,80,560,7,0
1,92:a9:04:bc:73:eb,9,6,2,80,272,4,0
1,92:a9:04:bc:73:eb,14,6,2,80,440,5,0
1,92:a9:04:bc:73:eb,11,6,2,80,532,7,0
1,92:a9:04:bc:73:eb,13,6,2,80,504,6,0
1,92:a9:04:bc:73:eb,3,6,2,80,595,7,0
1,92:a9:04:bc:73:eb,1,6,2,80,356,4,0
1,92:a9:04:bc:73:eb,5,6,2,80,639,9,0
1,92:a9:04:bc:73:eb,7,6,2,80,630,7,0
1,92:a9:04:bc:73:eb,12,6,2,80,525,7,0
1,92:a9:04:bc:73:eb,15,6,2,80,738,9,0
1,92:a9:04:bc:73:eb,9,6,2,80,609,7,0
1,92:a9:04:bc:73:eb,10,6,2,80,460,5,0
1,92:a9:04:bc:73:eb,4,6,2,80,356,4,0
1,92:a9:04:bc:73:eb,3,6,2,80,765,9,0
1,92:a9:04:bc:73:eb,0,6,2,80,158,2,0
1,92:a9:04:bc:73:eb,7,6,2,80,639,9,0
1,92:a9:04:bc:73:eb,13,6,2,80,828,9,0
1,92:a9:04:bc:73:eb,15,6,2,80,712,8,0
1,92:a9:04:bc:73:eb,8,6,2,80,408,6,0
1,92:a9:04:bc:73:eb,10,6,2,80,497,7,0
1,92:a9:04:bc:73:eb,6,6,2,80,644,7,0
1,92:a9:04:bc:73:eb,5,6,2,80,600,8,0
1,92:a9:04:bc:73:eb,2,6,2,80,736,8,0
1,92:a9:04:bc:73:eb,0,6,2,80,176,2,0
1,92:a9:04:bc:73:eb,8,6,2,80,300,4,0
1,92:a9:04:bc:73:eb,16,6,2,80,765,9,0
1,92:a9:04:bc:73:eb,13,6,2,80,553,7,0
1,92:a9:04:bc:73:eb,12,6,2,80,648,8,0
1,92:a9:04:bc:73:eb,9,6,2,80,546,6,0
1,92:a9:04:bc:73:eb,6,6,2,80,408,6,0
1,92:a9:04:bc:73:eb,5,6,2,80,644,7,0
1,92:a9:04:bc:73:eb,3,6,2,80,518,7,0
1,92:a9:04:bc:73:eb,1,6,2,80,272,4,0
1,92:a9:04:bc:73:eb,9,6,2,80,837,9,0
1,92:a9:04:bc:73:eb,13,6,2,80,460,5,0
1,92:a9:04:bc:73:eb,15,6,2,80,616,7,0
1,92:a9:04:bc:73:eb,12,6,2,80,268,4,0
1,92:a9:04:bc:73:eb,10,6,2,80,384,6,0
1,92:a9:04:bc:73:eb,5,6,2,80,656,8,0
1,92:a9:04:bc:73:eb,3,6,2,80,344,4,0
1,92:a9:04:bc:73:eb,2,6,2,80,576,8,0
1,92:a9:04:bc:73:eb,0,6,2,80,0,0,0
1,92:a9:04:bc:73:eb,6,6,2,80,316,4,0
1,92:a9:04:bc:73:eb,13,6,2,80,846,9,0
1,92:a9:04:bc:73:eb,15,6,2,80,476,7,0
1,92:a9:04:bc:73:eb,8,6,2,80,525,7,0
1,92:a9:04:bc:73:eb,10,6,2,80,560,8,0
1,92:a9:04:bc:73:eb,6,6,2,80,352,4,0
1,92:a9:04:bc:73:eb,4,6,2,80,320,5,0
1,92:a9:04:bc:73:eb,3,6,2,80,370,5,0
1,92:a9:04:bc:73:eb,1,6,2,80,564,6,0
1,92:a9:04:bc:73:eb,15,6,2,80,656,8,0
1,92:a9:04:bc:73:eb,7,6,2,80,504,6,0
1,92:a9:04:bc:73:eb,13,6,2,80,344,4,0
1,92:a9:04:bc:73:eb,10,6,2,80,693,9,0
1,92:a9:04:bc:73:eb,12,6,2,80,576,8,0
1,92:a9:04:bc:73:eb,4,6,2,80,486,6,0
1,92:a9:04:bc:73:eb,7,6,2,80,828,9,0
1,92:a9:04:bc:73:eb,3,6,2,80,476,7,0
1,92:a9:04:bc:73:eb,1,6,2,80,288,4,0
1,92:a9:04:bc:73:eb,8,6,2,80,440,5,0
1,92:a9:04:bc:73:eb,13,6,2,80,846,9,0
1,92:a9:04:bc:73:eb,15,6,2,80,370,5,0
1,92:a9:04:bc:73:eb,9,6,2,80,292,4,0
1,92:a9:04:bc:73:eb,11,6,2,80,492,6,0
1,92:a9:04:bc:73:eb,2,6,2,80,657,9,0
1,92:a9:04:bc:73:eb,5,6,2,80,801,9,0
1,92:a9:04:bc:73:eb,0,6,2,80,182,2,0
1,92:a9:04:bc:73:eb,7,6,2,80,783,9,0
1,92:a9:04:bc:73:eb,13,6,2,80,476,7,0
1,92:a9:04:bc:73:eb,9,6,2,80,630,7,0
1,92:a9:04:bc:73:eb,11,6,2,80,360,5,0
1,92:a9:04:bc:73:eb,14,6,2,80,486,6,0
1,92:a9:04:bc:73:eb,8,6,2,80,497,7,0
1,92:a9:04:bc:73:eb,6,6,2,80,372,4,0
1,92:a9:04:bc:73:eb,5,6,2,80,630,7,0
1,92:a9:04:bc:73:eb,3,6,2,80,330,5,0
1,92:a9:04:bc:73:eb,2,6,2,80,632,8,0
1,92:a9:04:bc:73:eb,0,6,2,80,82,1,0
1,92:a9:04:bc:73:eb,14,6,2,80,455,5,0
1,92:a9:04:bc:73:eb,10,6,2,80,385,5,0
1,92:a9:04:bc:73:eb,16,6,2,80,657,9,0
1,92:a9:04:bc:73:eb,11,6,2,80,280,4,0
1,92:a9:04:bc:73:eb,13,6,2,80,350,5,0
1,92:a9:04:bc:73:eb,6,6,2,80,483,7,0
1,92:a9:04:bc:73:eb,4,6,2,80,430,5,0
1,92:a9:04:bc:73:eb,3,6,2,80,455,5,0
1,92:a9:04:bc:73:eb,2,6,2,80,600,8,0
1,92:a9:04:bc:73:eb,8,6,2,80,480,6,0
1,92:a9:04:bc:73:eb,13,6,2,80,632,8,0
1,92:a9:04:bc:73:eb,14,6,2,80,330,5,0
1,92:a9:04:bc:73:eb,10,6,2,80,345,5,0
1,92:a9:04:bc:73:eb,11,6,2,80,328,4,0
1,92:a9:04:bc:73:eb,5,6,2,80,426,6,0
1,92:a9:04:bc:73:eb,4,6,2,80,360,4,0
1,92:a9:04:bc:73:eb,3,6,2,80,546,6,0
1,92:a9:04:bc:73:eb,1,6,2,80,352,4,0
1,92:a9:04:bc:73:eb,7,6,2,80,539,7,0
1,92:a9:04:bc:73:eb,13,6,2,80,512,8,0
1,92:a9:04:bc:73:eb,9,6,2,80,696,8,0
1,92:a9:04:bc:73:eb,11,6,2,80,564,6,0
1,92:a9:04:bc:73:eb,16,6,2,80,600,8,0
1,92:a9:04:bc:73:eb,5,6,2,80,552,8,0
1,92:a9:04:bc:73:eb,6,6,2,80,348,4,0
1,92:a9:04:bc:73:eb,3,6,2,80,415,5,0
1,92:a9:04:bc:73:eb,1,6,2,80,462,6,0
1,92:a9:04:bc:73:eb,15,6,2,80,360,4,0
1,92:a9:04:bc:73:eb,8,6,2,80,581,7,0
1,92:a9:04:bc:73:eb,14,6,2,80,546,6,0
1,92:a9:04:bc:73:eb,10,6,2,80,448,7,0
1,92:a9:04:bc:73:eb,12,6,2,80,528,6,0
1,92:a9:04:bc:73:eb,4,6,2,80,637,7,0
1,92:a9:04:bc:73:eb,5,6,2,80,623,7,0
1,92:a9:04:bc:73:eb,2,6,2,80,644,7,0
1,92:a9:04:bc:73:eb,0,6,2,80,0,0,0
1,92:a9:04:bc:73:eb,16,6,2,80,415,5,0
1,92:a9:04:bc:73:eb,8,6,2,80,801,9,0
1,92:a9:04:bc:73:eb,14,6,2,80,693,9,0
1,92:a9:04:bc:73:eb,10,6,2,80,462,7,0
1,92:a9:04:bc:73:eb,12,6,2,80,520,8,0
1,92:a9:04:bc:73:eb,6,6,2,80,552,8,0
1,92:a9:04:bc:73:eb,4,6,2,80,552,6,0
1,92:a9:04:bc:73:eb,2,6,2,80,504,7,0
1,92:a9:04:bc:73:eb,0,6,2,80,156,2,0
1,92:a9:04:bc:73:eb,8,6,2,80,644,7,0
1,92:a9:04:bc:73:eb,14,6,2,80,644,7,0
1,92:a9:04:bc:73:eb,9,6,2,80,348,4,0
1,92:a9:04:bc:73:eb,12,6,2,80,801,9,0
1,92:a9:04:bc:73:eb,16,6,2,80,637,7,0
1,92:a9:04:bc:73:eb,6,6,2,80,728,8,0
1,92:a9:04:bc:73:eb,3,6,2,80,420,6,0
1,92:a9:04:bc:73:eb,2,6,2,80,704,8,0
1,92:a9:04:bc:73:eb,0,6,2,80,0,0,0
1,92:a9:04:bc:73:eb,7,6,2,80,504,6,0
1,92:a9:04:bc:73:eb,15,6,2,80,504,7,0
1,92:a9:04:bc:73:eb,13,6,2,80,702,9,0
1,92:a9:04:bc:73:eb,9,6,2,80,704,8,0
1,92:a9:04:bc:73:eb,11,6,2,80,400,5,0
1,92:a9:04:bc:73:eb,1,6,2,80,456,6,0
1,92:a9:04:bc:73:eb,6,6,2,80,420,5,0
1,92:a9:04:bc:73:eb,5,6,2,80,448,7,0
1,92:a9:04:bc:73:eb,3,6,2,80,368,4,0
1,92:a9:04:bc:73:eb,8,6,2,80,728,8,0
1,92:a9:04:bc:73:eb,14,6,2,80,420,6,0
1,92:a9:04:bc:73:eb,17,6,2,80,728,8,0
1,92:a9:04:bc:73:eb,13,6,2,80,704,8,0
1,92:a9:04:bc:73:eb,11,6,2,80,536,8,0
1,92:a9:04:bc:73:eb,1,6,2,80,486,6,0
1,92:a9:04:bc:73:eb,5,6,2,80,328,4,0
1,92:a9:04:bc:73:eb,8,6,2,80,747,9,0
1,92:a9:04:bc:73:eb,4,6,2,80,364,4,0
1,92:a9:04:bc:73:eb,3,6,2,80,408,6,0
1,92:a9:04:bc:73:eb,16,6,2,80,448,7,0
1,92:a9:04:bc:73:eb,9,6,2,80,332,4,0
1,92:a9:04:bc:73:eb,14,6,2,80,368,4,0
1,92:a9:04:bc:73:eb,10,6,2,80,308,4,0
1,92:a9:04:bc:73:eb,12,6,2,80,684,9,0
1,92:a9:04:bc:73:eb,3,6,2,80,637,7,0
1,92:a9:04:bc:73:eb,2,6,2,80,744,8,0
1,92:a9:04:bc:73:eb,6,6,2,80,584,8,0
1,92:a9:04:bc:73:eb,16,6,2,80,648,8,0
1,92:a9:04:bc:73:eb,8,6,2,80,783,9,0
1,92:a9:04:bc:73:eb,14,6,2,80,658,7,0
1,92:a9:04:bc:73:eb,10,6,2,80,350,5,0
1,92:a9:04:bc:73:eb,12,6,2,80,666,9,0
1,92:a9:04:bc:73:eb,6,6,2,80,325,5,0
1,92:a9:04:bc:73:eb,4,6,2,80,528,8,0
1,92:a9:04:bc:73:eb,2,6,2,80,264,4,0
1,92:a9:04:bc:73:eb,1,6,2,80,368,4,0
1,92:a9:04:bc:73:eb,16,6,2,80,584,8,0
1,92:a9:04:bc:73:eb,8,6,2,80,462,7,0
1,92:a9:04:bc:73:eb,13,6,2,80,637,7,0
1,92:a9:04:bc:73:eb,9,6,2,80,492,6,0
1,92:a9:04:bc:73:eb,12,6,2,80,744,8,0
1,92:a9:04:bc:73:eb,0,6,2,80,0,0,0
1,92:a9:04:bc:73:eb,7,6,2,80,385,5,0
1,92:a9:04:bc:73:eb,5,6,2,80,384,6,0
1,92:a9:04:bc:73:eb,3,6,2,80,483,7,0
1,92:a9:04:bc:73:eb,2,6,2,80,630,7,0
1,92:a9:04:bc:73:eb,8,6,2,80,498,6,0
1,92:a9:04:bc:73:eb,13,6,2,80,264,4,0
1,92:a9:04:bc:73:eb,10,6,2,80,325,5,0
1,92:a9:04:bc:73:eb,12,6,2,80,736,8,0
1,92:a9:04:bc:73:eb,15,6,2,80,528,8,0
1,92:a9:04:bc:73:eb,5,6,2,80,532,7,0
1,92:a9:04:bc:73:eb,3,6,2,80,672,8,0
1,92:a9:04:bc:73:eb,7,6,2,80,539,7,0
1,92:a9:04:bc:73:eb,1,6,2,80,316,4,0
1,92:a9:04:bc:73:eb,8,6,2,80,364,4,0
1,92:a9:04:bc:73:eb,14,6,2,80,415,5,0
1,92:a9:04:bc:73:eb,10,6,2,80,664,8,0
1,92:a9:04:bc:73:eb,12,6,2,80,432,6,0
1,92:a9:04:bc:73:eb,16,6,2,80,630,7,0
1,92:a9:04:bc:73:eb,7,6,2,80,438,6,0
1,92:a9:04:bc:73:eb,5,6,2,80,684,9,0
1,92:a9:04:bc:73:eb,3,6,2,80,296,4,0
1,92:a9:04:bc:73:eb,2,6,2,80,284,4,0
1,92:a9:04:bc:73:eb,1,6,2,80,276,4,0
1,92:a9:04:bc:73:eb,16,6,2,80,672,8,0
1,92:a9:04:bc:73:eb,9,6,2,80,534,6,0
1,92:a9:04:bc:73:eb,14,6,2,80,474,6,0
1,92:a9:04:bc:73:eb,11,6,2,80,469,7,0
1,92:a9:04:bc:73:eb,12,6,2,80,415,5,0
1,92:a9:04:bc:73:eb,5,6,2,80,738,9,0
1,92:a9:04:bc:73:eb,2,6,2,80,498,6,0
1,92:a9:04:bc:73:eb,7,6,2,80,576,8,0
1,92:a9:04:bc:73:eb,1,6,2,80,176,2,0
1,92:a9:04:bc:73:eb,14,6,2,80,284,4,0
1,92:a9:04:bc:73:eb,9,6,2,80,621,9,0
1,92:a9:04:bc:73:eb,11,6,2,80,560,8,0
1,92:a9:04:bc:73:eb,13,6,2,80,276,4,0
1,92:a9:04:bc:73:eb,15,6,2,80,296,4,0
1,92:a9:04:bc:73:eb,3,6,2,80,576,8,0
1,92:a9:04:bc:73:eb,4,6,2,80,356,4,0
1,92:a9:04:bc:73:eb,1,6,2,80,272,4,0
1,92:a9:04:bc:73:eb,12,6,2,80,498,6,0
1,92:a9:04:bc:73:eb,6,6,2,80,704,8,0
1,92:a9:04:bc:73:eb,15,6,2,80,738,9,0
1,92:a9:04:bc:73:eb,9,6,2,80,612,9,0
1,92:a9:04:bc:73:eb,11,6,2,80,528,6,0
1,92:a9:04:bc:73:eb,4,6,2,80,430,5,0
1,92:a9:04:bc:73:eb,3,6,2,80,476,7,0
1,92:a9:04:bc:73:eb,1,6,2,80,372,4,0
1,92:a9:04:bc:73:eb,13,6,2,80,612,9,0
1,92:a9:04:bc:73:eb,7,6,2,80,675,9,0
1,92:a9:04:bc:73:eb,15,6,2,80,576,8,0
1,92:a9:04:bc:73:eb,9,6,2,80,497,7,0
1,92:a9:04:bc:73:eb,10,6,2,80,390,5,0
1,92:a9:04:bc:73:eb,6,6,2,80,308,4,0
1,92:a9:04:bc:73:eb,13,6,2,80,465,5,0
1,92:a9:04:bc:73:eb,8,6,2,80,390,5,0
1,92:a9:04:bc:73:eb,15,6,2,80,476,7,0
1,92:a9:04:bc:73:eb,9,6,2,80,268,4,0
1,92:a9:04:bc:73:eb,11,6,2,80,747,9,0
1,92:a9:04:bc:73:eb,0,17,2,80,130,2,0
1,92:a9:04:bc:73:eb,0,17,2,80,68,1,0
1,92:a9:04:bc:73:eb,4,17,2,80,212,4,0
1,92:a9:04:bc:73:eb,3,17,2,80,370,5,0
1,92:a9:04:bc:73:eb,1,17,2,80,400,5,0
1,92:a9:04:bc:73:eb,7,17,2,80,490,7,0
1,92:a9:04:bc:73:eb,5,17,2,80,370,5,0
1,92:a9:04:bc:73:eb,12,17,2,80,260,4,0
1,92:a9:04:bc:73:eb,9,17,2,80,490,7,0
1,92:a9:04:bc:73:eb,11,17,2,80,384,6,0
1,92:a9:04:bc:73:eb,7,17,2,80,260,5,0
1,92:a9:04:bc:73:eb,5,17,2,80,512,8,0
1,92:a9:04:bc:73:eb,3,17,2,80,380,5,0
1,92:a9:04:bc:73:eb,1,17,2,80,486,6,0
1,92:a9:04:bc:73:eb,15,17,2,80,400,5,0
1,92:a9:04:bc:73:eb,10,17,2,80,305,5,0
1,92:a9:04:bc:73:eb,8,17,2,80,432,6,0
1,92:a9:04:bc:73:eb,11,17,2,80,318,6,0
1,92:a9:04:bc:73:eb,14,17,2,80,612,9,0
1,92:a9:04:bc:73:eb,6,17,2,80,275,5,0
1,92:a9:04:bc:73:eb,4,17,2,80,350,5,0
1,92:a9:04:bc:73:eb,3,17,2,80,402,6,0
1,92:a9:04:bc:73:eb,1,17,2,80,318,6,0
1,92:a9:04:bc:73:eb,0,17,2,80,0,0,0
1,92:a9:04:bc:73:eb,16,17,2,80,729,9,0
1,92:a9:04:bc:73:eb,10,17,2,80,441,7,0
1,92:a9:04:bc:73:eb,8,17,2,80,568,8,0
1,92:a9:04:bc:73:eb,12,17,2,80,513,9,0
1,92:a9:04:bc:73:eb,14,17,2,80,378,6,0
1,92:a9:04:bc:73:eb,7,17,2,80,410,5,0
1,92:a9:04:bc:73:eb,5,17,2,80,640,8,0
1,92:a9:04:bc:73:eb,3,17,2,80,244,4,0
1,92:a9:04:bc:73:eb,2,17,2,80,639,9,0
1,92:a9:04:bc:73:eb,0,17,2,80,0,0,0
1,92:a9:04:bc:73:eb,10,17,2,80,335,5,0
1,92:a9:04:bc:73:eb,9,17,2,80,372,6,0
1,92:a9:04:bc:73:eb,15,17,2,80,318,6,0
1,92:a9:04:bc:73:eb,12,17,2,80,600,8,0
1,92:a9:04:bc:73:eb,14,17,2,80,270,5,0
1,92:a9:04:bc:73:eb,5,17,2,80,544,8,0
1,92:a9:04:bc:73:eb,3,17,2,80,438,6,0
1,92:a9:04:bc:73:eb,2,17,2,80,371,7,0
1,92:a9:04:bc:73:eb,0,17,2,80,0,0,0
1,92:a9:04:bc:73:eb,10,17,2,80,385,7,0
1,92:a9:04:bc:73:eb,15,17,2,80,640,8,0
1,92:a9:04:bc:73:eb,8,17,2,80,528,8,0
1,92:a9:04:bc:73:eb,12,17,2,80,639,9,0
1,92:a9:04:bc:73:eb,13,17,2,80,244,4,0
1,92:a9:04:bc:73:eb,0,17,2,80,154,2,0
1,92:a9:04:bc:73:eb,6,17,2,80,525,7,0
1,92:a9:04:bc:73:eb,4,17,2,80,468,6,0
1,92:a9:04:bc:73:eb,2,17,2,80,399,7,0
1,92:a9:04:bc:73:eb,10,17,2,80,468,9,0
1,92:a9:04:bc:73:eb,16,17,2,80,371,7,0
1,92:a9:04:bc:73:eb,7,17,2,80,400,5,0
1,92:a9:04:bc:73:eb,12,17,2,80,378,7,0
1,92:a9:04:bc:73:eb,14,17,2,80,648,8,0
1,92:a9:04:bc:73:eb,6,17,2,80,224,4,0
1,92:a9:04:bc:73:eb,7,17,2,80,300,5,0
1,92:a9:04:bc:73:eb,5,17,2,80,522,9,0
1,92:a9:04:bc:73:eb,2,17,2,80,328,4,0
1,92:a9:04:bc:73:eb,1,17,2,80,252,4,0
1,92:a9:04:bc:73:eb,10,17,2,80,372,6,0
1,92:a9:04:bc:73:eb,16,17,2,80,468,6,0
1,92:a9:04:bc:73:eb,9,17,2,80,280,4,0
1,92:a9:04:bc:73:eb,12,17,2,80,539,7,0
1,92:a9:04:bc:73:eb,14,17,2,80,399,7,0
1,92:a9:04:bc:73:eb,7,17,2,80,378,6,0
1,92:a9:04:bc:73:eb,5,17,2,80,280,4,0
1,92:a9:04:bc:73:eb,4,17,2,80,432,6,0
1,92:a9:04:bc:73:eb,3,17,2,80,224,4,0
1,92:a9:04:bc:73:eb,1,17,2,80,248,4,0
1,92:a9:04:bc:73:eb,0,17,2,80,126,2,0
1,92:a9:04:bc:73:eb,10,17,2,80,342,6,0
1,92:a9:04:bc:73:eb,9,17,2,80,370,5,0
1,92:a9:04:bc:73:eb,16,17,2,80,522,9,0
1,92:a9:04:bc:73:eb,12,17,2,80,378,6,0
1,92:a9:04:bc:73:eb,13,17,2,80,328,4,0
1,92:a9:04:bc:73:eb,8,17,2,80,385,7,0
1,92:a9:04:bc:73:eb,6,17,2,80,384,6,0
1,92:a9:04:bc:73:eb,5,17,2,80,392,7,0
1,92:a9:04:bc:73:eb,3,17,2,80,540,9,0
1,92:a9:04:bc:73:eb,0,17,2,80,114,2,0
1,92:a9:04:bc:73:eb,11,17,2,80,296,4,0
1,92:a9:04:bc:73:eb,10,17,2,80,330,5,0
1,92:a9:04:bc:73:eb,15,17,2,80,378,6,0
1,92:a9:04:bc:73:eb,12,17,2,80,228,4,0
1,92:a9:04:bc:73:eb,13,17,2,80,312,4,0
1,92:a9:04:bc:73:eb,3,17,2,80,632,8,0
1,92:a9:04:bc:73:eb,1,17,2,80,474,6,0
1,92:a9:04:bc:73:eb,5,17,2,80,438,6,0
1,92:a9:04:bc:73:eb,8,17,2,80,378,7,0
1,92:a9:04:bc:73:eb,6,17,2,80,244,4,0
1,92:a9:04:bc:73:eb,15,17,2,80,392,7,0
1,92:a9:04:bc:73:eb,10,17,2,80,456,8,0
1,92:a9:04:bc:73:eb,13,17,2,80,540,9,0
1,92:a9:04:bc:73:eb,7,17,2,80,455,7,0
1,92:a9:04:bc:73:eb,5,17,2,80,438,6,0
1,92:a9:04:bc:73:eb,3,17,2,80,416,8,0
1,92:a9:04:bc:73:eb,1,17,2,80,378,6,0
1,92:a9:04:bc:73:eb,16,17,2,80,632,8,0
1,92:a9:04:bc:73:eb,11,17,2,80,342,6,0
1,92:a9:04:bc:73:eb,9,17,2,80,512,8,0
1,92:a9:04:bc:73:eb,12,17,2,80,256,4,0
1,92:a9:04:bc:73:eb,14,17,2,80,553,7,0
1,92:a9:04:bc:73:eb,5,17,2,80,476,7,0
1,92:a9:04:bc:73:eb,6,17,2,80,248,4,0
1,92:a9:04:bc:73:eb,3,17,2,80,522,9,0
1,92:a9:04:bc:73:eb,1,17,2,80,300,4,0
1,92:a9:04:bc:73:eb,16,17,2,80,567,9,0
1,92:a9:04:bc:73:eb,9,17,2,80,426,6,0
1,92:a9:04:bc:73:eb,8,17,2,80,260,5,0
1,92:a9:04:bc:73:eb,12,17,2,80,603,9,0
1,92:a9:04:bc:73:eb,14,17,2,80,399,7,0
1,92:a9:04:bc:73:eb,5,17,2,80,612,9,0
1,92:a9:04:bc:73:eb,6,17,2,80,248,4,0
1,92:a9:04:bc:73:eb,3,17,2,80,378,7,0
1,92:a9:04:bc:73:eb,1,17,2,80,312,4,0
1,92:a9:04:bc:73:eb,10,17,2,80,472,8,0
1,92:a9:04:bc:73:eb,8,17,2,80,462,6,0
1,92:a9:04:bc:73:eb,12,17,2,80,450,6,0
1,92:a9:04:bc:73:eb,14,17,2,80,522,9,0
1,92:a9:04:bc:73:eb,16,17,2,80,476,7,0
1,92:a9:04:bc:73:eb,3,17,2,80,275,5,0
1,92:a9:04:bc:73:eb,5,17,2,80,486,9,0
1,92:a9:04:bc:73:eb,1,17,2,80,420,6,0
1,92:a9:04:bc:73:eb,9,17,2,80,305,5,0
1,92:a9:04:bc:73:eb,8,17,2,80,549,9,0
1,92:a9:04:bc:73:eb,16,17,2,80,702,9,0
1,92:a9:04:bc:73:eb,11,17,2,80,560,8,0
1,92:a9:04:bc:73:eb,13,17,2,80,640,8,0
1,92:a9:04:bc:73:eb,6,17,2,80,312,4,0
1,92:a9:04:bc:73:eb,4,17,2,80,268,4,0
1,92:a9:04:bc:73:eb,3,17,2,80,616,8,0
1,92:a9:04:bc:73:eb,1,17,2,80,336,6,0
1,92:a9:04:bc:73:eb,9,17,2,80,600,8,0
1,92:a9:04:bc:73:eb,15,17,2,80,490,7,0
1,92:a9:04:bc:73:eb,7,17,2,80,492,6,0
1,92:a9:04:bc:73:eb,11,17,2,80,330,5,0
1,92:a9:04:bc:73:eb,13,17,2,80,486,9,0
1,92:a9:04:bc:73:eb,1,17,2,80,276,4,0
1,92:a9:04:bc:73:eb,0,17,2,80,118,2,0
1,92:a9:04:bc:73:eb,7,17,2,80,720,9,0
1,92:a9:04:bc:73:eb,5,17,2,80,295,5,0
1,92:a9:04:bc:73:eb,3,17,2,80,480,6,0
1,92:a9:04:bc:73:eb,9,17,2,80,316,4,0
1,92:a9:04:bc:73:eb,8,17,2,80,284,4,0
1,92:a9:04:bc:73:eb,15,17,2,80,616,8,0
1,92:a9:04:bc:73:eb,11,17,2,80,232,4,0
1,92:a9:04:bc:73:eb,13,17,2,80,504,9,0
1,92:a9:04:bc:73:eb,5,17,2,80,320,4,0
1,92:a9:04:bc:73:eb,4,17,2,80,560,7,0
1,92:a9:04:bc:73:eb,7,17,2,80,492,6,0
1,92:a9:04:bc:73:eb,2,17,2,80,584,8,0
1,92:a9:04:bc:73:eb,14,17,2,80,276,4,0
1,92:a9:04:bc:73:eb,9,17,2,80,236,4,0
1,92:a9:04:bc:73:eb,8,17,2,80,360,5,0
1,92:a9:04:bc:73:eb,12,17,2,80,666,9,0
1,92:a9:04:bc:73:eb,13,17,2,80,354,6,0
1,92:a9:04:bc:73:eb,4,17,2,80,272,4,0
1,92:a9:04:bc:73:eb,5,17,2,80,340,5,0
1,92:a9:04:bc:73:eb,3,17,2,80,280,4,0
1,92:a9:04:bc:73:eb,1,17,2,80,366,6,0
1,92:a9:04:bc:73:eb,15,17,2,80,320,4,0
1,92:a9:04:bc:73:eb,9,17,2,80,553,7,0
1,92:a9:04:bc:73:eb,7,17,2,80,448,8,0
1,92:a9:04:bc:73:eb,12,17,2,80,657,9,0
1,92:a9:04:bc:73:eb,14,17,2,80,560,7,0
1,92:a9:04:bc:73:eb,5,17,2,80,621,9,0
1,92:a9:04:bc:73:eb,7,17,2,80,399,7,0
1,92:a9:04:bc:73:eb,2,17,2,80,512,8,0
1,92:a9:04:bc:73:eb,0,17,2,80,124,2,0
1,92:a9:04:bc:73:eb,10,17,2,80,350,5,0
1,92:a9:04:bc:73:eb,16,17,2,80,488,8,0
1,92:a9:04:bc:73:eb,8,17,2,80,355,5,0
1,92:a9:04:bc:73:eb,12,17,2,80,531,9,0
1,92:a9:04:bc:73:eb,14,17,2,80,416,8,0
1,92:a9:04:bc:73:eb,7,17,2,80,525,7,0
1,92:a9:04:bc:73:eb,5,17,2,80,456,8,0
1,92:a9:04:bc:73:eb,3,17,2,80,568,8,0
1,92:a9:04:bc:73:eb,1,17,2,80,224,4,0
1,92:a9:04:bc:73:eb,11,17,2,80,567,7,0
1,92:a9:04:bc:73:eb,9,17,2,80,310,5,0
1,92:a9:04:bc:73:eb,13,17,2,80,552,8,0
1,92:a9:04:bc:73:eb,14,17,2,80,248,4,0
1,92:a9:04:bc:73:eb,16,17,2,80,512,8,0
1,92:a9:04:bc:73:eb,6,17,2,80,608,8,0
1,92:a9:04:bc:73:eb,4,17,2,80,395,5,0
1,92:a9:04:bc:73:eb,2,17,2,80,426,6,0
1,92:a9:04:bc:73:eb,0,17,2,80,0,0,0
1,92:a9:04:bc:73:eb,1,17,2,80,268,4,0
1,92:a9:04:bc:73:eb,15,17,2,80,568,8,0
1,92:a9:04:bc:73:eb,10,17,2,80,272,4,0
1,92:a9:04:bc:73:eb,9,17,2,80,639,9,0
1,92:a9:04:bc:73:eb,11,17,2,80,330,5,0
1,92:a9:04:bc:73:eb,13,17,2,80,336,6,0
1,92:a9:04:bc:73:eb,1,17,2,80,256,4,0
1,92:a9:04:bc:73:eb,7,17,2,80,632,8,0
1,92:a9:04:bc:73:eb,5,17,2,80,375,5,0
1,92:a9:04:bc:73:eb,8,17,2,80,400,5,0
1,92:a9:04:bc:73:eb,3,17,2,80,496,8,0
1,92:a9:04:bc:73:eb,11,17,2,80,336,6,0
1,92:a9:04:bc:73:eb,9,17,2,80,224,4,0
1,92:a9:04:bc:73:eb,12,17,2,80,312,4,0
1,92:a9:04:bc:73:eb,15,17,2,80,432,8,0
1,92:a9:04:bc:73:eb,16,17,2,80,268,4,0
1,92:a9:04:bc:73:eb,0,17,2,80,79,1,0
1,92:a9:04:bc:73:eb,6,17,2,80,518,7,0
1,92:a9:04:bc:73:eb,4,17,2,80,244,4,0
1,92:a9:04:bc:73:eb,2,17,2,80,531,9,0
1,92:a9:04:bc:73:eb,10,17,2,80,372,6,0
1,92:a9:04:bc:73:eb,8,17,2,80,729,9,0
1,92:a9:04:bc:73:eb,11,17,2,80,280,5,0
1,92:a9:04:bc:73:eb,13,17,2,80,448,7,0
1,92:a9:04:bc:73:eb,15,17,2,80,496,8,0
1,92:a9:04:bc:73:eb,4,17,2,80,320,5,0
1,92:a9:04:bc:73:eb,3,17,2,80,450,6,0
1,92:a9:04:bc:73:eb,1,17,2,80,212,4,0
1,92:a9:04:bc:73:eb,0,17,2,80,69,1,0
1,92:a9:04:bc:73:eb,9,17,2,80,711,9,0
1,92:a9:04:bc:73:eb,7,17,2,80,531,9,0
1,92:a9:04:bc:73:eb,15,17,2,80,531,9,0
1,92:a9:04:bc:73:eb,11,17,2,80,511,7,0
1,92:a9:04:bc:73:eb,13,17,2,80,553,7,0
1,92:a9:04:bc:73:eb,7,17,2,80,432,6,0
1,92:a9:04:bc:73:eb,5,17,2,80,402,6,0
1,92:a9:04:bc:73:eb,3,17,2,80,399,7,0
1,92:a9:04:bc:73:eb,1,17,2,80,450,6,0
1,92:a9:04:bc:73:eb,11,17,2,80,420,6,0
1,92:a9:04:bc:73:eb,16,17,2,80,450,6,0
1,92:a9:04:bc:73:eb,9,17,2,80,657,9,0
1,92:a9:04:bc:73:eb,13,17,2,80,552,8,0
1,92:a9:04:bc:73:eb,14,17,2,80,212,4,0
1,92:a9:04:bc:73:eb,8,17,2,80,312,6,0
1,92:a9:04:bc:73:eb,6,17,2,80,252,4,0
1,92:a9:04:bc:73:eb,5,17,2,80,375,5,0
1,92:a9:04:bc:73:eb,3,17,2,80,594,9,0
1,92:a9:04:bc:73:eb,1,17,2,80,224,4,0
1,92:a9:04:bc:73:eb,11,17,2,80,390,6,0
1,92:a9:04:bc:73:eb,9,17,2,80,280,5,0
1,92:a9:04:bc:73:eb,16,17,2,80,399,7,0
1,92:a9:04:bc:73:eb,12,17,2,80,312,4,0
1,92:a9:04:bc:73:eb,14,17,2,80,675,9,0
1,92:a9:04:bc:73:eb,1,17,2,80,315,5,0
1,92:a9:04:bc:73:eb,0,17,2,80,53,1,0
1,92:a9:04:bc:73:eb,7,17,2,80,496,8,0
1,92:a9:04:bc:73:eb,4,17,2,80,574,7,0
1,92:a9:04:bc:73:eb,3,17,2,80,300,4,0
1,92:a9:04:bc:73:eb,15,17,2,80,336,6,0
1,92:a9:04:bc:73:eb,10,17,2,80,328,4,0
1,92:a9:04:bc:73:eb,9,17,2,80,552,8,0
1,92:a9:04:bc:73:eb,12,17,2,80,310,5,0
1,92:a9:04:bc:73:eb,13,17,2,80,348,6,0
1,92:a9:04:bc:73:eb,7,17,2,80,512,8,0
1,92:a9:04:bc:73:eb,5,17,2,80,390,6,0
1,92:a9:04:bc:73:eb,3,17,2,80,252,4,0
1,92:a9:04:bc:73:eb,2,17,2,80,441,7,0
1,92:a9:04:bc:73:eb,0,17,2,80,138,2,0
1,92:a9:04:bc:73:eb,15,17,2,80,574,7,0
1,92:a9:04:bc:73:eb,11,17,2,80,212,4,0
1,92:a9:04:bc:73:eb,10,17,2,80,486,9,0
1,92:a9:04:bc:73:eb,12,17,2,80,315,5,0
1,92:a9:04:bc:73:eb,14,17,2,80,300,4,0
1,92:a9:04:bc:73:eb,2,17,2,80,448,8,0
1,92:a9:04:bc:73:eb,7,17,2,80,208,4,0
1,92:a9:04:bc:73:eb,6,17,2,80,371,7,0
1,92:a9:04:bc:73:eb,4,17,2,80,600,8,0
1,92:a9:04:bc:73:eb,11,17,2,80,483,7,0
1,92:a9:04:bc:73:eb,9,17,2,80,525,7,0
1,92:a9:04:bc:73:eb,16,17,2,80,390,6,0
1,92:a9:04:bc:73:eb,13,17,2,80,441,7,0
1,92:a9:04:bc:73:eb,14,17,2,80,252,4,0
1,92:a9:04:bc:73:eb,5,17,2,80,444,6,0
1,92:a9:04:bc:73:eb,6,17,2,80,280,4,0
1,92:a9:04:bc:73:eb,3,17,2,80,472,8,0
1,92:a9:04:bc:73:eb,1,17,2,80,240,4,0
1,92:a9:04:bc:73:eb,9,17,2,80,284,4,0
1,92:a9:04:bc:73:eb,8,17,2,80,480,8,0
1,92:a9:04:bc:73:eb,10,17,2,80,232,4,0
1,92:a9:04:bc:73:eb,13,17,2,80,504,9,0
1,92:a9:04:bc:73:eb,15,17,2,80,600,8,0
1,92:a9:04:bc:73:eb,2,17,2,80,305,5,0
1,92:a9:04:bc:73:eb,1,17,2,80,288,4,0
1,92:a9:04:bc:73:eb,6,17,2,80,414,6,0
1,92:a9:04:bc:73:eb,5,17,2,80,304,4,0
1,92:a9:04:bc:73:eb,3,17,2,80,208,4,0
1,92:a9:04:bc:73:eb,10,17,2,80,220,4,0
1,92:a9:04:bc:73:eb,8,17,2,80,399,7,0
1,92:a9:04:bc:73:eb,16,17,2,80,444,6,0
1,92:a9:04:bc:73:eb,12,17,2,80,420,7,0
1,92:a9:04:bc:73:eb,14,17,2,80,472,8,0
1,92:a9:04:bc:73:eb,1,17,2,80,414,6,0
1,92:a9:04:bc:73:eb,0,17,2,80,0,0,0
1,92:a9:04:bc:73:eb,7,17,2,80,553,7,0
1,92:a9:04:bc:73:eb,5,17,2,80,592,8,0
1,92:a9:04:bc:73:eb,3,17,2,80,420,6,0
1,92:a9:04:bc:73:eb,11,17,2,80,360,5,0
1,92:a9:04:bc:73:eb,15,17,2,80,304,4,0
1,92:a9:04:bc:73:eb,9,17,2,80,567,7,0
1,92:a9:04:bc:73:eb,12,17,2,80,305,5,0
1,92:a9:04:bc:73:eb,13,17,2,80,208,4,0
1,92:a9:04:bc:73:eb,0,17,2,80,104,2,0
1,92:a9:04:bc:73:eb,7,17,2,80,480,6,0
1,92:a9:04:bc:73:eb,5,17,2,80,280,4,0
1,92:a9:04:bc:73:eb,4,17,2,80,240,4,0
1,92:a9:04:bc:73:eb,3,17,2,80,693,9,0
1,92:a9:04:bc:73:eb,11,17,2,80,441,7,0
1,92:a9:04:bc:73:eb,16,17,2,80,592,8,0
1,92:a9:04:bc:73:eb,9,17,2,80,385,7,0
1,92:a9:04:bc:73:eb,12,17,2,80,414,6,0
1,92:a9:04:bc:73:eb,14,17,2,80,420,6,0
1,92:a9:04:bc:73:eb,5,17,2,80,480,6,0
1,92:a9:04:bc:73:eb,2,17,2,80,220,4,0
1,92:a9:04:bc:73:eb,3,17,2,80,474,6,0
1,92:a9:04:bc:73:eb,0,17,2,80,124,2,0
1,92:a9:04:bc:73:eb,15,17,2,80,468,9,0
1,92:a9:04:bc:73:eb,9,17,2,80,560,8,0
1,92:a9:04:bc:73:eb,7,17,2,80,495,9,0
1,92:a9:04:bc:73:eb,12,17,2,80,416,8,0
1,92:a9:04:bc:73:eb,13,17,2,80,312,4,0
1,92:a9:04:bc:73:eb,6,17,2,80,396,6,0
1,92:a9:04:bc:73:eb,5,17,2,80,340,5,0
1,92:a9:04:bc:73:eb,3,17,2,80,212,4,0
1,92:a9:04:bc:73:eb,2,17,2,80,729,9,0
1,92:a9:04:bc:73:eb,0,17,2,80,0,0,0
1,92:a9:04:bc:73:eb,10,17,2,80,518,7,0
1,92:a9:04:bc:73:eb,8,17,2,80,315,5,0
1,92:a9:04:bc:73:eb,11,17,2,80,256,4,0
1,92:a9:04:bc:73:eb,13,17,2,80,354,6,0
1,92:a9:04:bc:73:eb,14,17,2,80,372,6,0
1,92:a9:04:bc:73:eb,0,17,2,80,126,2,0
1,92:a9:04:bc:73:eb,5,17,2,80,513,9,0
1,92:a9:04:bc:73:eb,3,17,2,80,400,5,0
1,92:a9:04:bc:73:eb,2,17,2,80,315,5,0
1,92:a9:04:bc:73:eb,9,17,2,80,464,8,0
1,92:a9:04:bc:73:eb,7,17,2,80,240,4,0
1,92:a9:04:bc:73:eb,15,17,2,80,456,8,0
1,92:a9:04:bc:73:eb,10,17,2,80,328,4,0
1,92:a9:04:bc:73:eb,12,17,2,80,536,8,0
1,92:a9:04:bc:73:eb,5,17,2,80,208,4,0
1,92:a9:04:bc:73:eb,4,17,2,80,616,8,0
1,92:a9:04:bc:73:eb,2,17,2,80,600,8,0
1,92:a9:04:bc:73:eb,0,17,2,80,0,0,0
1,92:a9:04:bc:73:eb,8,17,2,80,567,7,0
1,92:a9:04:bc:73:eb,15,17,2,80,315,5,0
1,92:a9:04:bc:73:eb,6,17,2,80,224,4,0
1,92:a9:04:bc:73:eb,11,17,2,80,486,9,0
1,92:a9:04:bc:73:eb,13,17,2,80,567,9,0
1,92:a9:04:bc:73:eb,5,17,2,80,288,4,0
1,92:a9:04:bc:73:eb,4,17,2,80,280,4,0
1,92:a9:04:bc:73:eb,3,17,2,80,536,8,0
1,92:a9:04:bc:73:eb,1,17,2,80,228,4,0
1,92:a9:04:bc:73:eb,9,17,2,80,395,5,0
1,92:a9:04:bc:73:eb,8,17,2,80,585,9,0
1,92:a9:04:bc:73:eb,16,17,2,80,600,8,0
1,92:a9:04:bc:73:eb,11,17,2,80,472,8,0
1,92:a9:04:bc:73:eb,14,17,2,80,632,8,0
1,92:a9:04:bc:73:eb,7,17,2,80,340,5,0
1,92:a9:04:bc:73:eb,5,17,2,80,228,4,0
1,92:a9:04:bc:73:eb,4,17,2,80,365,5,0
1,92:a9:04:bc:73:eb,3,17,2,80,375,5,0
1,92:a9:04:bc:73:eb,1,17,2,80,342,6,0
1,92:a9:04:bc:73:eb,10,17,2,80,666,9,0
1,92:a9:04:bc:73:eb,15,17,2,80,280,4,0
1,92:a9:04:bc:73:eb,8,17,2,80,272,4,0
1,92:a9:04:bc:73:eb,12,17,2,80,285,5,0
1,92:a9:04:bc:73:eb,14,17,2,80,536,8,0
1,92:a9:04:bc:73:eb,1,17,2,80,400,5,0
1,92:a9:04:bc:73:eb,0,17,2,80,68,1,0
1,92:a9:04:bc:73:eb,4,17,2,80,474,6,0
1,92:a9:04:bc:73:eb,6,17,2,80,486,6,0
1,92:a9:04:bc:73:eb,3,17,2,80,405,5,0
1,92:a9:04:bc:73:eb,9,17,2,80,405,5,0
1,92:a9:04:bc:73:eb,7,17,2,80,328,4,0
1,92:a9:04:bc:73:eb,15,17,2,80,456,8,0
1,92:a9:04:bc:73:eb,11,17,2,80,624,8,0
1,92:a9:04:bc:73:eb,13,17,2,80,408,6,0
1,92:a9:04:bc:73:eb,9,17,2,80,574,7,0
1,92:a9:04:bc:73:eb,7,17,2,80,448,8,0
1,92:a9:04:bc:73:eb,4,17,2,80,366,6,0
1,92:a9:04:bc:73:eb,3,17,2,80,553,7,0
1,92:a9:04:bc:73:eb,1,17,2,80,272,4,0
1,92:a9:04:bc:73:eb,15,17,2,80,474,6,0
1,92:a9:04:bc:73:eb,11,17,2,80,272,4,0
1,92:a9:04:bc:73:eb,10,17,2,80,256,4,0
1,92:a9:04:bc:73:eb,12,17,2,80,400,5,0
1,92:a9:04:bc:73:eb,14,17,2,80,405,5,0
1,92:a9:04:bc:73:eb,6,17,2,80,448,7,0
1,92:a9:04:bc:73:eb,4,17,2,80,468,6,0
1,92:a9:04:bc:73:eb,2,17,2,80,464,8,0
1,92:a9:04:bc:73:eb,0,17,2,80,146,2,0
1,92:a9:04:bc:73:eb,11,17,2,80,612,9,0
1,92:a9:04:bc:73:eb,8,17,2,80,544,8,0
1,92:a9:04:bc:73:eb,17,17,2,80,448,8,0
1,92:a9:04:bc:73:eb,13,17,2,80,553,7,0
1,92:a9:04:bc:73:eb,14,17,2,80,366,6,0
1,92:a9:04:bc:73:eb,5,17,2,80,560,7,0
1,92:a9:04:bc:73:eb,7,17,2,80,285,5,0
1,92:a9:04:bc:73:eb,3,17,2,80,504,7,0
1,92:a9:04:bc:73:eb,1,17,2,80,312,6,0
1,92:a9:04:bc:73:eb,16,17,2,80,448,7,0
1,92:a9:04:bc:73:eb,10,17,2,80,438,6,0
1,92:a9:04:bc:73:eb,8,17,2,80,330,6,0
1,92:a9:04:bc:73:eb,12,17,2,80,464,8,0
1,92:a9:04:bc:73:eb,14,17,2,80,468,6,0
1,92:a9:04:bc:73:eb,0,17,2,80,63,1,0
1,92:a9:04:bc:73:eb,5,17,2,80,693,9,0
1,92:a9:04:bc:73:eb,7,17,2,80,456,8,0
1,92:a9:04:bc:73:eb,3,17,2,80,320,5,0
1,92:a9:04:bc:73:eb,1,17,2,80,272,4,0
1,92:a9:04:bc:73:eb,11,17,2,80,310,5,0
1,92:a9:04:bc:73:eb,9,17,2,80,656,8,0
1,92:a9:04:bc:73:eb,12,17,2,80,340,5,0
1,92:a9:04:bc:73:eb,13,17,2,80,300,4,0
1,92:a9:04:bc:73:eb,15,17,2,80,364,7,0
1,92:a9:04:bc:73:eb,6,17,2,80,567,9,0
1,92:a9:04:bc:73:eb,3,17,2,80,360,6,0
1,92:a9:04:bc:73:eb,7,17,2,80,280,5,0
1,92:a9:04:bc:73:eb,2,17,2,80,488,8,0
1,92:a9:04:bc:73:eb,11,17,2,80,504,8,0
1,92:a9:04:bc:73:eb,9,17,2,80,340,5,0
1,92:a9:04:bc:73:eb,12,17,2,80,272,4,0
1,92:a9:04:bc:73:eb,14,17,2,80,320,5,0
1,92:a9:04:bc:73:eb,16,17,2,80,693,9,0
1,92:a9:04:bc:73:eb,5,17,2,80,416,8,0
1,92:a9:04:bc:73:eb,2,17,2,80,468,6,0
1,92:a9:04:bc:73:eb,1,17,2,80,212,4,0
1,92:a9:04:bc:73:eb,0,17,2,80,0,0,0
1,92:a9:04:bc:73:eb,9,17,2,80,455,7,0
1,92:a9:04:bc:73:eb,7,17,2,80,525,7,0
1,92:a9:04:bc:73:eb,11,17,2,80,486,9,0
1,92:a9:04:bc:73:eb,13,17,2,80,390,6,0
1,92:a9:04:bc:73:eb,14,17,2,80,385,5,0
1,92:a9:04:bc:73:eb,6,17,2,80,464,8,0
1,92:a9:04:bc:73:eb,3,17,2,80,504,9,0
1,92:a9:04:bc:73:eb,1,17,2,80,272,4,0
1,92:a9:04:bc:73:eb,10,17,2,80,525,7,0
1,92:a9:04:bc:73:eb,8,17,2,80,568,8,0
1,92:a9:04:bc:73:eb,15,17,2,80,212,4,0
1,92:a9:04:bc:73:eb,12,17,2,80,600,8,0
1,92:a9:04:bc:73:eb,14,17,2,80,336,6,0
1,92:a9:04:bc:73:eb,2,17,2,80,483,7,0
1,92:a9:04:bc:73:eb,5,17,2,80,472,8,0
1,92:a9:04:bc:73:eb,0,17,2,80,61,1,0
1,92:a9:04:bc:73:eb,15,17,2,80,612,9,0
1,92:a9:04:bc:73:eb,8,17,2,80,528,8,0
1,92:a9:04:bc:73:eb,6,17,2,80,380,5,0
1,92:a9:04:bc:73:eb,10,17,2,80,567,7,0
1,92:a9:04:bc:73:eb,13,17,2,80,603,9,0
1,92:a9:04:bc:73:eb,6,17,2,80,270,5,0
1,92:a9:04:bc:73:eb,4,17,2,80,256,4,0
1,92:a9:04:bc:73:eb,3,17,2,80,335,5,0
1,92:a9:04:bc:73:eb,1,17,2,80,486,6,0
1,92:a9:04:bc:73:eb,0,17,2,80,77,1,0
1,92:a9:04:bc:73:eb,8,17,2,80,208,4,0
1,92:a9:04:bc:73:eb,15,17,2,80,472,8,0
1,92:a9:04:bc:73:eb,7,17,2,80,312,4,0
1,92:a9:04:bc:73:eb,10,17,2,80,488,8,0
1,92:a9:04:bc:73:eb,12,17,2,80,483,7,0
1,92:a9:04:bc:73:eb,9,17,2,80,400,5,0
1,92:a9:04:bc:73:eb,7,17,2,80,520,8,0
1,92:a9:04:bc:73:eb,5,17,2,80,378,7,0
1,92:a9:04:bc:73:eb,3,17,2,80,371,7,0
1,92:a9:04:bc:73:eb,1,17,2,80,212,4,0
1,92:a9:04:bc:73:eb,11,17,2,80,486,6,0
1,92:a9:04:bc:73:eb,10,17,2,80,308,4,0
1,92:a9:04:bc:73:eb,16,17,2,80,270,5,0
1,92:a9:04:bc:73:eb,13,17,2,80,335,5,0
1,92:a9:04:bc:73:eb,14,17,2,80,256,4,0
1,92:a9:04:bc:73:eb,5,17,2,80,472,8,0
1,92:a9:04:bc:73:eb,3,17,2,80,576,9,0
1,92:a9:04:bc:73:eb,6,17,2,80,325,5,0
1,92:a9:04:bc:73:eb,0,17,2,80,124,2,0
1,92:a9:04:bc:73:eb,10,17,2,80,585,9,0
1,92:a9:04:bc:73:eb,8,17,2,80,320,5,0
1,92:a9:04:bc:73:eb,16,17,2,80,378,7,0
1,92:a9:04:bc:73:eb,12,17,2,80,318,6,0
1,92:a9:04:bc:73:eb,14,17,2,80,371,7,0
1,92:a9:04:bc:73:eb,6,17,2,80,480,8,0
1,92:a9:04:bc:73:eb,4,17,2,80,336,6,0
1,92:a9:04:bc:73:eb,3,17,2,80,288,4,0
1,92:a9:04:bc:73:eb,1,17,2,80,402,6,0
1,92:a9:04:bc:73:eb,10,17,2,80,276,4,0
1,92:a9:04:bc:73:eb,9,17,2,80,720,9,0
1,92:a9:04:bc:73:eb,17,17,2,80,472,8,0
1,92:a9:04:bc:73:eb,12,17,2,80,434,7,0
1,92:a9:04:bc:73:eb,15,17,2,80,576,9,0
1,92:a9:04:bc:73:eb,5,17,2,80,354,6,0
1,92:a9:04:bc:73:eb,7,17,2,80,335,5,0
1,92:a9:04:bc:73:eb,4,17,2,80,416,8,0
1,92:a9:04:bc:73:eb,1,17,2,80,318,6,0
1,92:a9:04:bc:73:eb,11,17,2,80,648,9,0
1,92:a9:04:bc:73:eb,9,17,2,80,336,6,0
1,92:a9:04:bc:73:eb,16,17,2,80,288,4,0
1,92:a9:04:bc:73:eb,12,17,2,80,320,4,0
1,92:a9:04:bc:73:eb,14,17,2,80,469,7,0
1,92:a9:04:bc:73:eb,5,17,2,80,558,9,0
1,92:a9:04:bc:73:eb,2,17,2,80,657,9,0
1,92:a9:04:bc:73:eb,0,17,2,80,0,0,0
1,92:a9:04:bc:73:eb,9,17,2,80,495,9,0
1,92:a9:04:bc:73:eb,15,17,2,80,354,6,0
1,92:a9:04:bc:73:eb,7,17,2,80,456,6,0
1,92:a9:04:bc:73:eb,11,17,2,80,477,9,0
1,92:a9:04:bc:73:eb,14,17,2,80,416,8,0
1,92:a9:04:bc:73:eb,2,17,2,80,532,7,0
1,92:a9:04:bc:73:eb,4,17,2,80,396,6,0
1,92:a9:04:bc:73:eb,0,17,2,80,110,2,0
1,92:a9:04:bc:73:eb,8,17,2,80,511,7,0
1,92:a9:04:bc:73:eb,6,17,2,80,574,7,0
1,92:a9:04:bc:73:eb,15,17,2,80,657,9,0
1,92:a9:04:bc:73:eb,10,17,2,80,567,9,0
1,92:a9:04:bc:73:eb,13,17,2,80,702,9,0
1,92:a9:04:bc:73:eb,0,17,2,80,154,2,0
1,92:a9:04:bc:73:eb,6,17,2,80,469,7,0
1,92:a9:04:bc:73:eb,4,17,2,80,518,7,0
1,92:a9:04:bc:73:eb,2,17,2,80,285,5,0
1,92:a9:04:bc:73:eb,10,17,2,80,495,9,0
1,92:a9:04:bc:73:eb,8,17,2,80,616,8,0
1,92:a9:04:bc:73:eb,12,17,2,80,532,7,0
1,92:a9:04:bc:73:eb,14,17,2,80,396,6,0
1,92:a9:04:bc:73:eb,16,17,2,80,574,7,0
1,92:a9:04:bc:73:eb,0,17,2,80,156,2,0
1,92:a9:04:bc:73:eb,6,17,2,80,375,5,0
1,92:a9:04:bc:73:eb,4,17,2,80,462,6,0
1,92:a9:04:bc:73:eb,2,17,2,80,483,7,0
1,92:a9:04:bc:73:eb,10,17,2,80,539,7,0
1,92:a9:04:bc:73:eb,8,17,2,80,693,9,0
1,92:a9:04:bc:73:eb,16,17,2,80,469,7,0
1,92:a9:04:bc:73:eb,12,17,2,80,285,5,0
1,92:a9:04:bc:73:eb,14,17,2,80,518,7,0
1,92:a9:04:bc:73:eb,7,17,2,80,342,6,0
1,92:a9:04:bc:73:eb,5,17,2,80,355,5,0
1,92:a9:04:bc:73:eb,4,17,2,80,350,5,0
1,92:a9:04:bc:73:eb,2,17,2,80,284,4,0
1,92:a9:04:bc:73:eb,1,17,2,80,284,4,0
1,92:a9:04:bc:73:eb,16,17,2,80,462,6,0
1,92:a9:04:bc:73:eb,10,17,2,80,390,5,0
1,92:a9:04:bc:73:eb,9,17,2,80,434,7,0
1,92:a9:04:bc:73:eb,12,17,2,80,624,8,0
1,92:a9:04:bc:73:eb,14,17,2,80,483,7,0
1,92:a9:04:bc:73:eb,2,17,2,80,525,7,0
1,92:a9:04:bc:73:eb,0,17,2,80,55,1,0
1,92:a9:04:bc:73:eb,7,17,2,80,518,7,0
1,92:a9:04:bc:73:eb,5,17,2,80,426,6,0
1,92:a9:04:bc:73:eb,3,17,2,80,232,4,0
1,92:a9:04:bc:73:eb,9,17,2,80,240,4,0
1,92:a9:04:bc:73:eb,8,17,2,80,375,5,0
1,92:a9:04:bc:73:eb,15,17,2,80,284,4,0
1,92:a9:04:bc:73:eb,12,17,2,80,720,9,0
1,92:a9:04:bc:73:eb,14,17,2,80,497,7,0
1,92:a9:04:bc:73:eb,7,17,2,80,260,5,0
1,92:a9:04:bc:73:eb,5,17,2,80,296,4,0
1,92:a9:04:bc:73:eb,4,17,2,80,378,6,0
1,92:a9:04:bc:73:eb,0,17,2,80,120,2,0
1,92:a9:04:bc:73:eb,2,17,2,80,539,7,0
1,92:a9:04:bc:73:eb,16,17,2,80,525,7,0
1,92:a9:04:bc:73:eb,10,17,2,80,300,5,0
1,92:a9:04:bc:73:eb,9,17,2,80,392,7,0
1,92:a9:04:bc:73:eb,12,17,2,80,340,5,0
1,92:a9:04:bc:73:eb,14,17,2,80,440,8,0
1,92:a9:04:bc:73:eb,3,17,2,80,328,4,0
1,92:a9:04:bc:73:eb,1,17,2,80,336,6,0
1,92:a9:04:bc:73:eb,6,17,2,80,270,5,0
1,92:a9:04:bc:73:eb,4,17,2,80,504,7,0
1,92:a9:04:bc:73:eb,8,17,2,80,348,6,0
1,92:a9:04:bc:73:eb,11,17,2,80,315,5,0
1,92:a9:04:bc:73:eb,16,17,2,80,378,6,0
1,92:a9:04:bc:73:eb,9,17,2,80,280,5,0
1,92:a9:04:bc:73:eb,12,17,2,80,360,6,0
1,92:a9:04:bc:73:eb,14,17,2,80,539,7,0
1,92:a9:04:bc:73:eb,4,17,2,80,616,8,0
1,92:a9:04:bc:73:eb,2,17,2,80,276,4,0
1,92:a9:04:bc:73:eb,1,17,2,80,480,6,0
1,92:a9:04:bc:73:eb,9,17,2,80,702,9,0
1,92:a9:04:bc:73:eb,6,17,2,80,455,7,0
1,92:a9:04:bc:73:eb,15,17,2,80,328,4,0
1,92:a9:04:bc:73:eb,11,17,2,80,477,9,0
1,92:a9:04:bc:73:eb,13,17,2,80,392,7,0
1,92:a9:04:bc:73:eb,3,17,2,80,468,6,0
1,92:a9:04:bc:73:eb,1,17,2,80,372,6,0
1,92:a9:04:bc:73:eb,8,17,2,80,284,4,0
1,92:a9:04:bc:73:eb,6,17,2,80,464,8,0
1,92:a9:04:bc:73:eb,4,17,2,80,240,4,0
1,92:a9:04:bc:73:eb,11,17,2,80,405,5,0
1,92:a9:04:bc:73:eb,9,17,2,80,330,6,0
1,92:a9:04:bc:73:eb,12,17,2,80,385,5,0
1,92:a9:04:bc:73:eb,14,17,2,80,216,4,0
1,92:a9:04:bc:73:eb,16,17,2,80,720,9,0
1,92:a9:04:bc:73:eb,5,17,2,80,462,6,0
1,92:a9:04:bc:73:eb,3,17,2,80,656,8,0
1,92:a9:04:bc:73:eb,7,17,2,80,520,8,0
1,92:a9:04:bc:73:eb,1,17,2,80,244,4,0
1,92:a9:04:bc:73:eb,11,17,2,80,480,8,0
1,92:a9:04:bc:73:eb,8,17,2,80,486,6,0
1,92:a9:04:bc:73:eb,16,17,2,80,468,6,0
1,92:a9:04:bc:73:eb,12,17,2,80,256,4,0
1,92:a9:04:bc:73:eb,14,17,2,80,558,9,0
1,92:a9:04:bc:73:eb,7,17,2,80,308,4,0
1,92:a9:04:bc:73:eb,6,17,2,80,325,5,0
1,92:a9:04:bc:73:eb,5,17,2,80,511,7,0
1,92:a9:04:bc:73:eb,3,17,2,80,305,5,0
1,92:a9:04:bc:73:eb,1,17,2,80,244,4,0
1,92:a9:04:bc:73:eb,0,17,2,80,67,1,0
1,92:a9:04:bc:73:eb,11,17,2,80,244,4,0
1,92:a9:04:bc:73:eb,17,17,2,80,520,8,0
1,92:a9:04:bc:73:eb,9,17,2,80,600,8,0
1,92:a9:04:bc:73:eb,13,17,2,80,656,8,0
1,92:a9:04:bc:73:eb,15,17,2,80,462,6,0
1,92:a9:04:bc:73:eb,6,17,2,80,504,8,0
1,92:a9:04:bc:73:eb,4,17,2,80,324,6,0
1,92:a9:04:bc:73:eb,2,17,2,80,504,7,0
1,92:a9:04:bc:73:eb,0,17,2,80,122,2,0
1,92:a9:04:bc:73:eb,15,17,2,80,268,4,0
1,92:a9:04:bc:73:eb,10,17,2,80,288,4,0
1,92:a9:04:bc:73:eb,8,17,2,80,472,8,0
1,92:a9:04:bc:73:eb,12,17,2,80,600,8,0
1,92:a9:04:bc:73:eb,14,17,2,80,455,7,0
1,92:a9:04:bc:73:eb,7,17,2,80,544,8,0
1,92:a9:04:bc:73:eb,4,17,2,80,406,7,0
1,92:a9:04:bc:73:eb,2,17,2,80,432,8,0
1,92:a9:04:bc:73:eb,0,17,2,80,126,2,0
1,92:a9:04:bc:73:eb,10,17,2,80,366,6,0
1,92:a9:04:bc:73:eb,9,17,2,80,560,7,0
1,92:a9:04:bc:73:eb,16,17,2,80,504,8,0
1,92:a9:04:bc:73:eb,12,17,2,80,504,7,0
1,92:a9:04:bc:73:eb,14,17,2,80,324,6,0
1,92:a9:04:bc:73:eb,3,17,2,80,392,7,0
1,92:a9:04:bc:73:eb,6,17,2,80,693,9,0
1,92:a9:04:bc:73:eb,1,17,2,80,330,5,0
1,92:a9:04:bc:73:eb,9,17,2,80,265,5,0
1,92:a9:04:bc:73:eb,15,17,2,80,406,7,0
1,92:a9:04:bc:73:eb,8,17,2,80,592,8,0
1,92:a9:04:bc:73:eb,11,17,2,80,441,7,0
1,92:a9:04:bc:73:eb,13,17,2,80,432,8,0
1,92:a9:04:bc:73:eb,0,17,2,80,124,2,0
1,92:a9:04:bc:73:eb,7,17,2,80,702,9,0
1,92:a9:04:bc:73:eb,4,17,2,80,335,5,0
1,92:a9:04:bc:73:eb,3,17,2,80,729,9,0
1,92:a9:04:bc:73:eb,9,17,2,80,236,4,0
1,92:a9:04:bc:73:eb,8,17,2,80,350,5,0
1,92:a9:04:bc:73:eb,15,17,2,80,392,7,0
1,92:a9:04:bc:73:eb,11,17,2,80,280,5,0
1,92:a9:04:bc:73:eb,13,17,2,80,528,8,0
1,92:a9:04:bc:73:eb,7,17,2,80,560,8,0
1,92:a9:04:bc:73:eb,5,17,2,80,256,4,0
1,92:a9:04:bc:73:eb,4,17,2,80,420,7,0
1,92:a9:04:bc:73:eb,2,17,2,80,472,8,0
1,92:a9:04:bc:73:eb,10,17,2,80,236,4,0
1,92:a9:04:bc:73:eb,8,17,2,80,232,4,0
1,92:a9:04:bc:73:eb,16,17,2,80,729,9,0
1,92:a9:04:bc:73:eb,12,17,2,80,532,7,0
1,92:a9:04:bc:73:eb,13,17,2,80,372,6,0
1,92:a9:04:bc:73:eb,0,17,2,80,150,2,0
1,92:a9:04:bc:73:eb,5,17,2,80,432,6,0
1,92:a9:04:bc:73:eb,3,17,2,80,268,4,0
1,92:a9:04:bc:73:eb,2,17,2,80,260,4,0
1,92:a9:04:bc:73:eb,9,17,2,80,576,9,0
1,92:a9:04:bc:73:eb,7,17,2,80,702,9,0
1,92:a9:04:bc:73:eb,15,17,2,80,256,4,0
1,92:a9:04:bc:73:eb,12,17,2,80,531,9,0
1,92:a9:04:bc:73:eb,14,17,2,80,420,7,0
1,92:a9:04:bc:73:eb,8,17,2,80,702,9,0
1,92:a9:04:bc:73:eb,5,17,2,80,513,9,0
1,92:a9:04:bc:73:eb,3,17,2,80,328,4,0
1,92:a9:04:bc:73:eb,1,17,2,80,390,6,0
1,92:a9:04:bc:73:eb,0,17,2,80,75,1,0
1,92:a9:04:bc:73:eb,11,17,2,80,432,6,0
1,92:a9:04:bc:73:eb,16,17,2,80,260,4,0
1,92:a9:04:bc:73:eb,9,17,2,80,280,4,0
1,92:a9:04:bc:73:eb,12,17,2,80,438,6,0
1,92:a9:04:bc:73:eb,14,17,2,80,600,8,0
1,92:a9:04:bc:73:eb,14,17,2,80,300,4,0
1,92:a9:04:bc:73:eb,15,17,2,80,390,6,0